20 0.7049199083333334 0.584921875 0.5246224261904762 0.57646875 0.5034096107142857 0.64165625 0.5016475976190476 0.7128593750000001 0.5422883297619048 0.699578125 0.5529061785714285 0.73096875 0.568810069047619 0.7321718749999999 0.6430434785714285 0.7285468749999999 0.7013729976190476 0.726140625 0.6748741416666666 0.6476875 0.7049199083333334 0.584921875
20 0.29208237976190476 0.7264999999999999 0.40601830714285714 0.717 0.39210526309523813 0.618421875 0.39297482857142857 0.6112968750000001 0.39210526309523813 0.569140625 0.1294508011904762 0.582203125 0.16947368452380954 0.6308906249999999 0.15205949642857144 0.7229375 0.15466819166666665 0.7264999999999999 0.27729977142857143 0.69384375 0.29208237976190476 0.7264999999999999
10 0.698604119047619 0.793671875 0.703226544047619 0.78840625 0.703844394047619 0.78040625 0.7001373 0.7663125 0.6961327226190476 0.7507343750000001 0.6899771166666667 0.74421875 0.68965675 0.743375 0.6868878714285714 0.74021875 0.6730205952380953 0.738109375 0.6659267738095239 0.74021875 0.6613043476190476 0.743375 0.6597711666666666 0.75053125 0.6650114416666666 0.7793593750000001 0.6683981690476191 0.7875625 0.6822654464285715 0.793875 0.6862700226190476 0.7955625000000001 0.6930434785714286 0.79534375 0.698604119047619 0.793671875
14 0.4639588095238095 0.524640625 0.4683066357142857 0.5192812499999999 0.5294736845238095 0.5001875 0.5338443940476191 0.483484375 0.5338443940476191 0.40295312499999997 0.5198627 0.40534375 0.29533180833333333 0.4608125 0.2883524023809524 0.463203125 0.2866132726190476 0.46976562499999996 0.32679633809523806 0.569375 0.34164759761904767 0.565203125 0.35125858095238094 0.5604375 0.3547368416666667 0.5681875 0.3617391309523809 0.572953125 0.38794050357142856 0.572359375 0.39144164761904765 0.57653125 0.39057208214285716 0.5825 0.4089016023809524 0.577734375 0.42288329523809526 0.57653125 0.42201372976190477 0.577140625 0.4578260869047619 0.563421875 0.4674370714285714 0.550296875 0.47093821547619047 0.54134375 0.4639588095238095 0.524640625
20 0.5476887869047619 0.5694375 0.5321281464285714 0.5758125 0.6815789476190476 0.585375 0.6737986273809524 0.546046875 0.7002517166666667 0.48759375 0.5445766595238095 0.47376562499999997 0.5321281464285714 0.533296875 0.5305720821428571 0.5535 0.5476887869047619 0.5694375
20 0.7065675059523809 0.8574375 0.8628375285714286 0.8315312499999999 0.7902974833333333 0.711109375 0.5815560642857143 0.7355 0.6239816928571429 0.870390625 0.625102975 0.8696249999999999 0.7065675059523809 0.8574375
9 0.3745080095238095 0.84096875 0.4061556059523809 0.90128125 0.5748741416666666 0.828375 0.5392906178571428 0.7725625 0.3745080095238095 0.84096875
20 0.546086955952381 0.7035 0.3254233404761905 0.77959375 0.41718535476190477 0.963828125 0.621464530952381 0.8593437500000001 0.5450114416666667 0.753484375 0.546086955952381 0.7035
20 0.11382151071428571 0.9303593749999999 0.33389016071428573 0.850046875 0.2617848976190476 0.702375 0.05311212857142857 0.75678125 0.03794050357142857 0.769734375 0.07967963333333333 0.919984375 0.11382151071428571 0.9303593749999999
9 0.44672768928571427 0.625828125 0.5198169333333333 0.5949687499999999 0.5294508011904762 0.579203125 0.5554233404761905 0.575265625 0.522723111904762 0.543734375 0.40826086904761905 0.592984375 0.41210526309523815 0.59890625 0.4428832952380953 0.627140625 0.44672768928571427 0.625828125
14 0.6497787952380951 0.5879010421875 0.5291990845238095 0.579359375 0.5116443285714285 0.6302924109375 0.5205410261904762 0.6394475453124999 0.5087185357142857 0.63878125 0.5206690642857142 0.7073489578125 0.32615560595238097 0.78325 0.3500457666666667 0.8321875000000001 0.5462700226190477 0.752953125 0.541998475 0.7082916671875 0.5309066142857143 0.7033541671875 0.663995775 0.6520516828125 0.6624109190476191 0.6474430796874999 0.6742334095238095 0.648109375 0.6759496571428572 0.6469375 0.6755225023809523 0.6386848953125 0.6808237988095238 0.6391138390625 0.6750953476190477 0.6304322921875001 0.6856979404761905 0.631290178125 0.7051945083333333 0.5999955359375 0.6980106785714286 0.5913177078125 0.6618367654761905 0.5887552078125 0.6725324178571429 0.5809166671875 0.6712509535714286 0.5561588546875 0.6742334095238095 0.5490625 0.6708237988095238 0.54790625 0.6776458809523809 0.541490234375 0.7015331809523809 0.48848437499999997 0.5462700226190477 0.471 0.5275057202380953 0.533921875 0.6588806250000001 0.5467408859375 0.6497787952380951 0.5879010421875