14 0.5109967916666667 0.4512476171875 0.5278269714285715 0.47584256406250003 0.5323243702380952 0.4720519421875 0.5711434630952381 0.44777573437499996 0.6275247845238096 0.41541205625 0.6585717297619047 0.395998109375 0.6544283369047619 0.37418666875 0.6519046392857144 0.3425911453125 0.646953319047619 0.3256818546875 0.6354171452380952 0.2924193109375 0.6215190285714285 0.2923296109375 0.5773554119047619 0.3067818453125 0.5769583678571428 0.313846946875 0.5479673595238095 0.3349284546875 0.4993391845238095 0.3624146171875 0.5009942369047619 0.3711270625 0.5030855321428571 0.39129115625 0.510936075 0.42346238906250006 0.5109967916666667 0.4512476171875
14 0.46067637380952386 0.3739502515625 0.4230783202380952 0.3833768234375 0.41912948333333333 0.3767462109375 0.40668195595238094 0.38225814062499996 0.39805542023809526 0.3850811140625 0.3970529916666667 0.3911634109375 0.38257571904761906 0.391585303125 0.37851260476190474 0.392914928125 0.35540698571428575 0.401914646875 0.35095896309523805 0.40410024843750003 0.3494419714285714 0.407473803125 0.37031892857142856 0.531529896875 0.38516776071428566 0.5245021359375001 0.41512564166666666 0.5146986296875 0.5239293238095238 0.479823403125 0.5217681119047619 0.476923496875 0.49861566428571424 0.3579277375 0.49708532261904764 0.3555514015625 0.48541145238095235 0.35937159531249996 0.48335229047619044 0.3514140515625 0.4633091666666667 0.3594115875 0.46076214047619046 0.36024508437499997 0.4593757083333333 0.3643059328125 0.46067637380952386 0.3739502515625
14 0.9010642857142858 0 0.8183962261904761 0.10946824375 0.8698107107142857 0.26263004843750004 0.9507158904761905 0.185160490625 0.9198505333333333 0 0.9010642857142858 0
20 0.17323435476190477 0.28198788124999996 0.16999614404761906 0.34454084375 0.17188997142857143 0.4658985203125 0.3015200535714286 0.459785640625 0.29911483333333333 0.3436195578125 0.3274428369047619 0.27386527968749996 0.30553999642857144 0.269953734375 0.18172141785714288 0.255034071875 0.17323435476190477 0.28198788124999996
20 0 0.44946301093749996 0.1322946119047619 0.4613353921875 0.14020901785714285 0.3380348375 0.17035784642857144 0.2585380109375 0.0033465428571428572 0.20409654375000003 0 0.2174116546875 0 0.44946301093749996
10 0.3206512202380952 0.3105918734375 0.3198881773809524 0.31522168125 0.32028802976190474 0.32080215 0.3230094880952381 0.326481734375 0.32581892261904766 0.3308442609375 0.3302477261904762 0.33508481093750003 0.3349835880952381 0.3392463515625 0.33576262500000004 0.3398717328125 0.337466475 0.340194475 0.3421941666666667 0.340837425 0.34482282976190476 0.3408575296875 0.3496229928571429 0.33840639375000003 0.35056296785714286 0.33809879375 0.3514109797619048 0.337391865625 0.35248506547619046 0.33439943125 0.35316746666666665 0.32934511875 0.3543140238095238 0.3232585984375 0.3541479238095238 0.3154330546875 0.3520317226190476 0.3025128765625 0.34697748333333334 0.298455525 0.34091380476190475 0.2925599203125 0.33672706785714285 0.291289053125 0.33007727857142855 0.2943454671875 0.32504720238095236 0.29906189375 0.32233907619047614 0.3056594265625 0.3206512202380952 0.3105918734375
9 0.5395314999999999 0.240167215625 0.5218346142857143 0.1771864078125 0.4457578714285715 0.1990330921875 0.3886211880952381 0.23606700625000002 0.3435959738095238 0.258444909375 0.3342147642857143 0.287473425 0.36455041904761903 0.33255529687499996 0.3818366380952381 0.333017771875 0.4230721404761905 0.308831125 0.5363541666666667 0.271760375 0.5395314999999999 0.240167215625
9 0.3013053880952381 0.32158189375 0.29855893333333333 0.3018683796875 0.26951688095238097 0.29606328125000003 0.18490340833333332 0.289162478125 0.18043272738095237 0.33386830624999997 0.29264076071428574 0.3390391640625 0.3013053880952381 0.32158189375
9 0 0.2914799953125 0.0647177880952381 0.3147293953125 0.13552066666666668 0.32166215625 0.1505630392857143 0.2819993765625 0.009311286904761905 0.2425317953125 0.00399960238095238 0.2419511265625 0 0.26064909687500004 0 0.2914799953125
9 0.7763871583333333 0 0.763710419047619 0.017667853125 0.7330631095238095 0.0670749984375 0.7383064523809524 0.0741623109375 0.7301841380952382 0.0866755234375 0.7179971166666667 0.0818604828125 0.7058667357142857 0.0998077625 0.7728778583333333 0.1416265890625 0.8399774071428571 0.054890370312500006 0.8403412678571428 0.054771298437500004 0.8394140642857142 0.05404410625 0.8838985571428571 0 0.7763871583333333 0
9 0.6381731035714286 0.1381492515625 0.6166204488095238 0.10208820468749999 0.60392245 0.11408049375 0.5424011952380953 0.1659257328125 0.5390862904761905 0.170939728125 0.5408614892857143 0.1774872171875 0.5641392773809524 0.20016547031249998 0.6381731035714286 0.1381492515625
20 0.6489592214285715 0.15059408125 0.6141247916666667 0.10217487343750001 0.5335410523809524 0.17268995468749998 0.5759038595238095 0.2158113671875 0.5989424988095238 0.28088745312499996 0.6670022726190477 0.22870610156249999 0.6692551202380953 0.2236961203125 0.6489592214285715 0.15059408125
36 0.4875329238095238 0.35985826875 0.4963484178571429 0.3583690828125 0.5065663011904762 0.353157365625 0.5048818488095238 0.3350501890625 0.49491575833333334 0.3065772109375 0.47539612857142854 0.3162284828125 0.4875329238095238 0.35985826875
36 0.5816142202380953 0.2508730140625 0.5647154285714285 0.2767791140625 0.5738967047619048 0.302137953125 0.5928178333333333 0.29120102812500004 0.5930039666666667 0.2864164734375 0.5825866535714286 0.2531098546875 0.5816142202380953 0.2508730140625
36 0.6627640380952382 0.184016015625 0.6784317023809523 0.17841651875 0.6847229380952381 0.1679625484375 0.6824556714285713 0.15695979375 0.6743627190476191 0.1380082125 0.6512350011904763 0.148926090625 0.6514642976190476 0.1529305671875 0.6627640380952382 0.184016015625