20 0.064046875 0.6089791671875 0.065734375 0.6674166671874999 0.1449375 0.7393333328125 0.15 0.7348333328125001 0.306734375 0.6651666671875 0.214046875 0.59325 0.21067187499999998 0.5887708328125 0.182015625 0.4337083328125 0.11965625 0.4449375 0.09270312500000001 0.4494375 0.084265625 0.4539375 0.06067187499999999 0.47416666718749995 0.05225 0.47416666718749995 0.038765625 0.47416666718749995 0.032015625 0.4651666671875 0.050562499999999996 0.59775 0.064046875 0.6089791671875
20 0.30281250000000004 0.6121875 0.30825 0.6181458328125 0.345921875 0.6364583328125 0.44076562500000005 0.5942916671875 0.441078125 0.5887708328125 0.38648437500000005 0.5589583328125001 0.374984375 0.4703958328125 0.37179687499999997 0.4644375 0.27759375000000003 0.4895625 0.27503125 0.4916875 0.289078125 0.6015416671875 0.294515625 0.6049375 0.299296875 0.6083541671875 0.30281250000000004 0.6121875
10 0.55021875 0.6243958328125 0.5533125 0.6145208328125 0.54965625 0.6018541671875 0.54309375 0.5940624999999999 0.532859375 0.5940624999999999 0.527015625 0.5969791671875 0.52190625 0.600875 0.523375 0.6145208328125 0.530671875 0.6223124999999999 0.53415625 0.625375 0.543640625 0.6263541671875 0.55021875 0.6243958328125
10 0.31160937499999997 0.6235 0.30046875 0.6145833328125 0.28621875 0.6157708328125 0.276421875 0.6181458328125 0.263953125 0.6288541671875 0.295125 0.649625 0.29646875 0.6514166671875 0.30224999999999996 0.6573541671875 0.3160625 0.6526041671875 0.32140625 0.6431041671875 0.31160937499999997 0.6235
9 0.6250781249999999 0.5800833328125 0.5739531250000001 0.6274375 0.58521875 0.6309166671875001 0.70478125 0.6852083328125 0.8156718749999999 0.7337291671874999 0.859859375 0.6852083328125 0.8693906250000001 0.6517083328125 0.797484375 0.6182083328125 0.6424062500000001 0.5650625 0.6441250000000001 0.5662291671874999 0.632875 0.5627500000000001 0.6250781249999999 0.5800833328125
2 0.184296875 0.2594166671875 0.208203125 0.2589791671875 0.19657812500000002 0.18812500000000001 0.17831249999999998 0.18856250000000002 0.17600000000000002 0.1916666671875 0.176328125 0.1965416671875 0.184296875 0.2594166671875
14 0.5845 0.40022916718749996 0.581390625 0.5174166671875 0.594171875 0.5385833328125 0.611203125 0.5427083328125 0.65534375 0.5587291671875 0.758734375 0.57525 0.77421875 0.5669791671875 0.7749843750000001 0.5256875 0.775375 0.41881250000000003 0.7842812499999999 0.36564583281249996 0.7827343750000001 0.3475625 0.713421875 0.3300208328125 0.60965625 0.3166041671875 0.58875 0.3140208328125 0.5868125000000001 0.3207291671875 0.5845 0.40022916718749996
14 0.771171875 0.5171041671875 0.7739375 0.566125 0.9356875 0.63475 0.942125 0.5930833328125 0.954078125 0.5771458328125 0.9706250000000001 0.390875 0.784046875 0.3357291671875 0.7803593750000001 0.33941666718749997 0.7766875 0.4386666671875 0.771171875 0.5171041671875
10 0.853296875 0.7806666671875 0.8631249999999999 0.7761458328125 0.87396875 0.7680208328125 0.8824375 0.7644166671875 0.885484375 0.7544791671875 0.88446875 0.7486041671875 0.87159375 0.7363958328125 0.8631249999999999 0.7327916671875 0.83975 0.7373125 0.8333124999999999 0.7409166671875 0.8285625 0.7522083328125 0.82925 0.7648541671875 0.8322968749999999 0.7725416671875001 0.843140625 0.7784166671875 0.853296875 0.7806666671875
9 0.3051875 0.6006875 0.33298437500000005 0.6218541671875 0.42956249999999996 0.5823333328125 0.3954375 0.564 0.3051875 0.6006875
9 0.09253125 0.6681458328125001 0.092875 0.6699583328125 0.12818749999999998 0.6989375 0.268125 0.6350833328125 0.228390625 0.6092916671874999 0.09253125 0.6681458328125001