14 0.47528125 0.6337083328124999 0.47528125 0.6247291671874999 0.47696875 0.6045 0.47528125 0.5707916671875 0.48034374999999996 0.5438125 0.46854687500000003 0.5146041671875 0.46348437499999995 0.5168541671875 0.42134374999999996 0.5280833328125001 0.36067187500000003 0.5415833328125 0.32696875000000003 0.5505625000000001 0.32696875000000003 0.5730416671875 0.32359375 0.6045 0.32528124999999997 0.6224791671875 0.33034375 0.6584166671875 0.3438125 0.6629166671875 0.38932812499999997 0.6629166671875 0.391015625 0.6561874999999999 0.42303124999999997 0.6449374999999999 0.47528125 0.6337083328124999
14 0.48876562500000004 0.6494583328125 0.5096875 0.6480625 0.5123125 0.6480625 0.51440625 0.6445624999999999 0.514921875 0.6347916671875 0.553140625 0.6375833328125 0.55575 0.6452708328125001 0.56884375 0.643875 0.577734375 0.643875 0.579828125 0.6382916671875 0.593953125 0.6424791671875 0.598140625 0.6424791671875 0.62221875 0.6410833328125001 0.6269375 0.6403749999999999 0.62903125 0.6375833328125 0.631640625 0.5105833328125 0.6159375 0.5126875 0.5850624999999999 0.5126875 0.4730625 0.5119791671875 0.474625 0.5154791671875001 0.47515625 0.6382916671875 0.476203125 0.6410833328125001 0.488234375 0.6410833328125001 0.48876562500000004 0.6494583328125
14 0.09742187499999999 0.6128958328125 0.004640625 0.662375 0 0.8726875 0.119078125 0.7778333328125 0.09742187499999999 0.6128958328125
20 0.6660937499999999 0.7155208328125 0.62575 0.7742083328125 0.64628125 0.7849583328125 0.763671875 0.8387499999999999 0.7768750000000001 0.8152916671874999 0.791546875 0.755625 0.812078125 0.6372708328125001 0.685171875 0.6020416671875 0.6660937499999999 0.7155208328125
20 0.9983124999999999 0.7353541671875 0.9983124999999999 0.7173333328125 0.8496562499999999 0.6542708328125 0.8192499999999999 0.7713958328125 0.7753437500000001 0.8389583328124999 0.927359375 0.9448124999999999 0.96959375 0.8569791671875 0.9983124999999999 0.7353541671875
10 0.619953125 0.7543541671875 0.62696875 0.7535000000000001 0.63271875 0.7505208328124999 0.6365624999999999 0.7449791671875 0.639109375 0.7407291671875 0.6407031249999999 0.7364791671875001 0.64134375 0.7309375 0.6397499999999999 0.7245625 0.637828125 0.7194375 0.6343125 0.7139166671875 0.630484375 0.708375 0.62984375 0.7075208328125 0.62825 0.7066666671874999 0.6237812500000001 0.7045416671875 0.621234375 0.7036875 0.6161249999999999 0.7045416671875 0.6151562500000001 0.7045416671875 0.614203125 0.7049583328125 0.6126093749999999 0.7075208328125 0.611015625 0.7122083328125 0.60878125 0.71775 0.6075 0.7253958328125 0.607171875 0.7386041671875 0.611328125 0.7441458328125 0.6161249999999999 0.7517916671875 0.619953125 0.7543541671875
9 0.6005625 0.7054791671875 0.583875 0.6995416671875 0.53940625 0.7099166671875 0.42265625 0.7099166671875 0.41375 0.7395625 0.41931250000000003 0.8062916671875 0.49715624999999997 0.8092499999999999 0.559421875 0.7914583328125 0.607234375 0.7840416671875 0.6216875 0.7588541671875 0.6005625 0.7054791671875
9 0.686046875 0.7710625 0.766875 0.804625 0.7794531250000001 0.7626666671875 0.6715312499999999 0.7220208328125 0.6599062499999999 0.7362083328125 0.6589375000000001 0.7562083328125 0.686046875 0.7710625
9 0.8882031250000001 0.8179791671875 0.8207812499999999 0.7887708328125 0.7988749999999999 0.8224791671875 0.92865625 0.905625 0.933703125 0.907875 0.9522499999999999 0.8651666671875 0.8882031250000001 0.8179791671875
9 0.00475 0.8887916671875 0.002859375 0.8923125000000001 0.005124999999999999 0.989875 0.00059375 0.9974166671875 0.019828125000000002 0.9989166671874999 0.03415625 0.9863541671875 0.15521875 0.8842708328125 0.1940625 0.8460625 0.19028125 0.8375208328125 0.20046875 0.8279583328125 0.21140625000000002 0.8365 0.226484375 0.8229374999999999 0.169171875 0.7610833328125 0.088078125 0.8239375000000001 0.087703125 0.8239375000000001 0.08846875 0.8249375000000001 0.0285 0.8681875 0.00475 0.8887916671875
9 0.39728125000000003 0.8106875 0.401421875 0.806875 0.40090625 0.7999583328125001 0.3825 0.7705625 0.299234375 0.8072291671875 0.31349999999999995 0.8490624999999999 0.32803125 0.8414583328124999 0.39728125000000003 0.8106875
20 0.37396875 0.7516458328125 0.363609375 0.6811875 0.28795312500000003 0.7102083328125001 0.28484375 0.7143541671875 0.2910625 0.7917291671875 0.3159375 0.8497708328125 0.407125 0.8069375000000001 0.37396875 0.7516458328125
36 0.46656250000000005 0.6403958328125 0.464859375 0.6585 0.46928125000000004 0.6892916671875 0.49000000000000005 0.686125 0.486265625 0.6399375 0.4774375 0.6385833328125 0.46656250000000005 0.6403958328125
36 0.391828125 0.6685208328125001 0.371453125 0.673125 0.37039062500000003 0.6777083328125 0.37435937500000005 0.7133333328125 0.374890625 0.7158125 0.3960625 0.6960416671874999 0.391828125 0.6685208328125001
36 0.259734375 0.7749166671875 0.26409375 0.795875 0.28854687500000004 0.7926249999999999 0.2890625 0.7886666671875 0.283828125 0.7549166671875 0.26759375 0.755375 0.2595625 0.7635208328124999 0.259734375 0.7749166671875