20 0.56226 0.8250450453125 0.5758 0.628678678125 0.41944000000000004 0.5970570578125 0.41794 0.6083483484375 0.40742 0.8115015015625 0.36232 0.8815015015625001 0.53822 0.90630630625 0.56226 0.8250450453125
10 0.6315000000000001 0.9369369375 0.639 0.9166666671874999 0.6345000000000001 0.8828828828124999 0.606 0.8873873874999999 0.5985 0.8918918921874999 0.6075 0.9369369375 0.6315000000000001 0.9369369375
10 0.26855999999999997 0.74198198125 0.2646 0.7377177171875 0.25922 0.733453453125 0.25184 0.731321321875 0.23651999999999998 0.7355855859375 0.23454 0.737297296875 0.23284 0.7402702703124999 0.23114 0.7475075078125 0.22888 0.7581681687499999 0.22888 0.7590090093749999 0.23481999999999997 0.768378378125 0.23454 0.7696396390625 0.2473 0.770090090625 0.25098000000000004 0.770090090625 0.27028 0.75645645625 0.27112 0.7475075078125 0.26855999999999997 0.74198198125
10 0.13118 0.653903903125 0.12128000000000001 0.645225225 0.1114 0.6438138140625 0.10356 0.6457957953125 0.09422 0.653903903125 0.09309999999999999 0.663453453125 0.09404 0.6712912906249999 0.09404 0.6710210203125 0.11102 0.6710210203125 0.12278 0.6656756749999999 0.13098 0.6612012015625 0.13118 0.653903903125
10 0.0060999999999999995 0.539609609375 0.01602 0.539609609375 0.02552 0.5389489484375 0.032 0.5344144140625 0.032420000000000004 0.527297296875 0.02034 0.5208108109375 0.011279999999999998 0.5221021015625 0.00394 0.527297296875 0.0022 0.53183183125 0.0060999999999999995 0.539609609375
10 0.65754 0.5681381375 0.6518400000000001 0.5659759765625 0.6452800000000001 0.56429429375 0.6413 0.5664264265625001 0.6413 0.5715615609375 0.6413 0.5779579578125 0.65384 0.576696696875 0.66096 0.5741141140625 0.6618 0.5741141140625 0.6612399999999999 0.5681381375 0.65754 0.5681381375
10 0.9333800000000001 0.630990990625 0.9346800000000001 0.63 0.9353400000000001 0.626096096875 0.9340400000000001 0.61339339375 0.92948 0.609459459375 0.92752 0.609459459375 0.9209999999999999 0.609459459375 0.91776 0.6143543546875 0.92036 0.6212012015624999 0.9216599999999999 0.6329429421875 0.9236199999999999 0.6348948953125 0.93012 0.633933934375 0.9314399999999999 0.6319519515625001 0.93274 0.6319519515625001 0.9333800000000001 0.630990990625
20 0.27238 0.716846846875 0.29184 0.5550450453125 0.21252 0.523603603125 0.20204000000000003 0.676396396875 0.11674 0.7101201203125 0.11524 0.716846846875 0.1751 0.7685285281249999 0.27238 0.716846846875
20 0.62708 0.56816816875 0.666 0.5501801796875 0.68096 0.44906906874999997 0.6181 0.44006005937500003 0.60614 0.5299699703125 0.5582400000000001 0.554684684375 0.62708 0.56816816875
20 0.05604 0.5180180187500001 0.06036 0.51615615625 0.061900000000000004 0.45138138124999994 0.05482 0.479609609375 0.0505 0.5018018015625 0.0015 0.5004204203125 0.0018 0.524474475 0.020599999999999997 0.5189189187500001 0.04032 0.52585585625 0.05296000000000001 0.52309309375 0.05604 0.5180180187500001
14 0.533 0.5078378375 0.54428 0.4281981984375 0.49744 0.4205705703125 0.48278 0.48750750781249996 0.48785999999999996 0.4909009015625 0.533 0.5078378375
14 0.43138 0.404384384375 0.42258 0.3958258265625 0.41246000000000005 0.4572072078125 0.42126 0.481621621875 0.43138 0.404384384375
14 0.40352 0.3910510515625 0.39336 0.386396396875 0.39024000000000003 0.43681681718750004 0.39024000000000003 0.438528528125 0.39786 0.4478378375 0.40352 0.3910510515625
14 0.07152 0.439609609375 0.06034 0.45045045000000006 0.05542 0.5501201203125 0.06988 0.545675675 0.07744 0.44354354375 0.07152 0.439609609375
14 0.06188 0.602552553125 0.11444 0.6311711718749999 0.1404 0.50093093125 0.0875 0.487597596875 0.06188 0.602552553125
14 0.8068 0.46891891875 0.8023399999999999 0.570390390625 0.86104 0.5757357359374999 0.89394 0.5837237234375 0.89838 0.586396396875 0.90284 0.48225225156249996 0.8068 0.46891891875