20 0.7105721166666666 0.3765481515625 0.7935468642857143 0.46661002500000004 0.7963464488095238 0.4717270015625 0.8061682773809523 0.6307641328125 0.8690982892857142 0.6324768578125 0.8962559226190476 0.63356628125 0.9051258904761905 0.6308540734375 0.9308402392857142 0.6157182359375 0.9391584273809523 0.6174474171875 0.9524767869047619 0.6202160328125 0.9580709892857143 0.6304911390625 0.9555548214285715 0.495732078125 0.9435748452380953 0.4818725453125 0.9488731797619047 0.42380802968750003 0.8792167916666667 0.33651477343749997 0.8736802726190477 0.3399199375 0.7105721166666666 0.3765481515625
20 0.568776880952381 0.4244199359375 0.6191451952380952 0.46507459687499997 0.6199480083333334 0.554907928125 0.6223861023809523 0.5614473624999999 0.7184240333333333 0.5559735 0.7212082595238095 0.5544007953125 0.7204276416666667 0.44301500781250003 0.7154618297619048 0.43854455468750003 0.7111466702380952 0.434188265625 0.7081312166666667 0.4296802984375 0.7034708238095237 0.42267889375 0.6684453857142858 0.396857053125 0.5697435523809524 0.41903123593749997 0.568776880952381 0.4244199359375
10 0.47875631547619046 0.4003488703125 0.4848757511904762 0.39866795312500003 0.49038655833333333 0.39586914218749997 0.49056231309523807 0.3820897484375 0.4842839488095238 0.37289581250000003 0.48120748571428573 0.3691556046875 0.4719565845238095 0.366241159375 0.4652260369047619 0.3668247609375 0.46099339285714286 0.3759429734375 0.46309491190476193 0.38920439375 0.4686479416666666 0.398247546875 0.47875631547619046 0.4003488703125
10 0.7484986380952382 0.42119744062500003 0.7201861773809524 0.394282115625 0.7190725166666666 0.3922366078125 0.7140701238095237 0.3851852 0.6998615345238095 0.38704073437500003 0.6934512880952381 0.39532659375 0.7007909619047619 0.416700896875 0.7107316666666667 0.42779518124999993 0.7249477607142857 0.42954811406250004 0.7349070916666667 0.4292138515625 0.7484986380952382 0.42119744062500003
9 0.21607232023809525 0.20433460312500001 0.16664573214285713 0.24318547812500002 0.1532390238095238 0.274316078125 0.22026718571428572 0.32216744531249997 0.36710168690476186 0.40649964218749995 0.36554315119047615 0.40499444531249995 0.3762399690476191 0.4107406296875 0.3860067797619048 0.39522155625 0.44214640238095243 0.35894739375 0.43143415119047623 0.353198 0.3198145880952381 0.2750261546875 0.21607232023809525 0.20433460312500001
2 0.7832613380952381 0.8710609937499999 0.7835182952380951 0.8661786421875 0.7831416095238095 0.8024415921875001 0.7594775404761905 0.79796526875 0.7625144392857143 0.8703339515625 0.7806073297619047 0.8736521406250001 0.7832613380952381 0.8710609937499999
14 0.35356861071428575 0.41009867031249997 0.2534199833333333 0.37255305 0.23714046190476193 0.3775427984375 0.23146278452380953 0.41816889843749994 0.21833873452380953 0.5236478875 0.20320529761904763 0.5743313515625 0.20257780833333333 0.592509653125 0.26894619761904764 0.6240666125 0.36983518809523813 0.658623278125 0.390176144047619 0.665467284375 0.392889344047619 0.6592393484375 0.4046488333333333 0.581192928125 0.4216872892857143 0.46608661875 0.4115862130952381 0.4425563 0.3952562976190476 0.43498522656249994 0.35356861071428575 0.41009867031249997
14 0.060707199999999996 0.3305725328125 0.022162766666666667 0.5111526546875 0.199871075 0.603927815625 0.20395268214285714 0.6010428328125 0.219408775 0.503768675 0.23420531547619047 0.427429340625 0.23731644285714285 0.37844419687499997 0.08573714166666667 0.2774535359375 0.07441272380952381 0.31728546875 0.060707199999999996 0.3305725328125
10 0.14959248214285714 0.16950615156249998 0.14989537261904762 0.1755173484375 0.16115677142857143 0.1902188765625 0.16909168214285714 0.19551747343749998 0.19271772738095239 0.1958516609375 0.19950554523809522 0.19361361562499999 0.20554289761904762 0.183436240625 0.20637109523809524 0.1708049390625 0.20427799166666666 0.1625865 0.1942679773809524 0.154557390625 0.18450494047619048 0.1502498078125 0.1742589857142857 0.1526970703125 0.16258033690476192 0.158495596875 0.15378627738095238 0.1603165828125 0.14959248214285714 0.16950615156249998
9 0.7044147928571429 0.44055107812500005 0.6794829595238094 0.413937746875 0.5793834559523809 0.43314257187500005 0.6109032047619047 0.45825674375 0.7044147928571429 0.44055107812500005
9 0.7812916857142858 0.44782079531249996 0.9224931261904762 0.4175859015625 0.9223696369047618 0.41572513750000006 0.8909458666666668 0.37985238125 0.7451205678571429 0.41418839687500003 0.7812916857142858 0.44782079531249996