20 0.3479404761904762 0.5555034328125 0.32402380952380955 0.569439359375 0.32310714285714287 0.5903132156249999 0.3258690476190476 0.687744565625 0.3277023809523809 0.7643020593750001 0.3874761904761905 0.7295223109375 0.43529761904761904 0.7689573796875 0.44173809523809526 0.532316934375 0.3920714285714285 0.5044751140625 0.33782142857142855 0.502162471875 0.3479404761904762 0.5555034328125
20 0.4473214285714286 0.3583881578125 0.4373690476190476 0.0136541765625 0.40027380952380953 0.0661842109375 0.3301428571428571 0.043328089062500005 0.32742857142857146 0.0467520015625 0.3523095238095238 0.20770594999999997 0.32742857142857146 0.2271081234375 0.33466666666666667 0.376649028125 0.4097738095238095 0.3583881578125 0.41520238095238093 0.3595294625 0.4473214285714286 0.3583881578125
10 0.3089642857142857 0.7574241984375 0.3139285714285714 0.749344965625 0.31457142857142856 0.748924484375 0.31697619047619047 0.74529033125 0.31858333333333333 0.7270895312500001 0.31697619047619047 0.717778890625 0.31457142857142856 0.71171195625 0.3091190476190476 0.70969965625 0.2871547619047619 0.7165775171875 0.28090476190476193 0.7210225968749999 0.27609523809523806 0.7392233984375001 0.27480952380952384 0.7444794046875 0.2749761904761905 0.753369565625 0.27625 0.7606679062499999 0.28026190476190477 0.7667348390625001 0.28635714285714287 0.7675457671875 0.2970952380952381 0.76268020625 0.3089642857142857 0.7574241984375
14 0.5739404761904762 0.5444207671875 0.5721190476190476 0.52606979375 0.5298571428571428 0.2313729984375 0.5280357142857143 0.22221252812499998 0.5230357142857143 0.21992992031249997 0.4471428571428572 0.27267019375 0.45032142857142854 0.292162471875 0.45395238095238094 0.3047768875 0.4480476190476191 0.3093421046875 0.4444166666666667 0.318532609375 0.4448690476190476 0.3529219109375 0.4416904761904762 0.3575171625 0.4371428571428571 0.3563758578125 0.4407738095238095 0.38043335312500004 0.4416904761904762 0.398784325 0.4412261904761905 0.3976430203125 0.4516785714285715 0.4446467390625 0.46167857142857144 0.45726115624999997 0.4685 0.4618564078125 0.4812261904761905 0.4526959375 0.48530952380952386 0.45840245937499996 0.49985714285714283 0.5386842109375001 0.5125833333333333 0.5444207671875 0.5739404761904762 0.5444207671875
20 0.509452380952381 0.762830378125 0.5199880952380953 0.558506865625 0.4746309523809524 0.5421681921875 0.4592380952380952 0.5401258578125 0.4470952380952381 0.5625915328125 0.44223809523809526 0.5421681921875 0.434952380952381 0.73832236875 0.46491666666666664 0.7281106984375 0.509452380952381 0.762830378125
20 0.21779761904761905 0.662725971875 0.21838095238095237 0.6641976546875 0.22766666666666668 0.7711198515625 0.2474047619047619 0.9762242562500001 0.3391547619047619 0.881015446875 0.32057142857142856 0.607042334375 0.21779761904761905 0.662725971875
9 0.2402142857142857 0.3352917625 0.19426190476190477 0.37682923281249997 0.24980952380952381 0.5982723109375 0.29233333333333333 0.5515689359375 0.2402142857142857 0.3352917625
20 0.3068690476190476 0.5590775171875 0.34495238095238095 0.5604891296875001 0.2869761904761905 0.270868134375 0.14660714285714285 0.391305778125 0.22621428571428573 0.659422196875 0.3068690476190476 0.5590775171875
20 0.17356027142857142 0 0.23329761904761906 0.2819808359375 0.34580952380952384 0.187342678125 0.31745508095238095 0 0.17356027142857142 0
9 0.46667857142857144 0.5298240843750001 0.4291547619047619 0.379592390625 0.42464285714285716 0.3846381578125 0.40313095238095237 0.42503432500000005 0.4041309523809524 0.4300800921875 0.42764285714285716 0.526009725 0.4396547619047619 0.5386541765625 0.4426547619047619 0.572743134375 0.46667857142857144 0.5298240843750001
14 0.39426190476190476 0.511443078125 0.34201984166666666 0.527128146875 0.2841904761904762 0.2718292328125 0.2469047619047619 0.30318506875 0.30727380952380956 0.5607294046875 0.3413015869047619 0.5551229984375 0.34506349166666667 0.5405649312499999 0.3841510988095238 0.7152444546875001 0.3876624154761905 0.71316433125 0.3871547619047619 0.72868135 0.38804761904761903 0.730933925 0.3943353178571429 0.7303732843749999 0.3940085035714286 0.7373312359375 0.40062301547619045 0.72981264375 0.3999693880952381 0.743728546875 0.423812925 0.7693177921875 0.4304246035714286 0.759889015625 0.4323769845238095 0.7124107546875 0.4383492059523809 0.7264487984375 0.4572123011904762 0.7247668765624999 0.46261904761904765 0.72868135 0.46349999999999997 0.7242062359375 0.4683883928571429 0.7331602187499999 0.5087738095238096 0.7645123 0.5220952380952381 0.5607294046875 0.4741547619047619 0.5361012578125 0.4643878964285714 0.7085308203125 0.4330277773809524 0.69658466875 0.43953571428571425 0.5383237984375 0.40072959166666666 0.5152831812499999 0.3937542511904762 0.526960096875 0.39426190476190476 0.511443078125