14 0.229265625 0.213826290625 0.22828125 0.22708920156249998 0.254734375 0.478826290625 0.26356250000000003 0.47000000000000003 0.260625 0.467042253125 0.500703125 0.4390845078125 0.489921875 0.1976291078125 0.48698437499999997 0.1946948359375 0.229265625 0.213826290625
14 0.76540625 0.21697183125000002 0.7681406249999999 0.21697183125000002 0.501609375 0.198497653125 0.5029843749999999 0.449014084375 0.7339687500000001 0.485962440625 0.76540625 0.21697183125000002
36 0.38909375 0.5143192484375 0.396796875 0.4988967140625 0.374984375 0.4892723 0.344625 0.520093896875 0.344625 0.5310328640625 0.366421875 0.5380985921875 0.36728125 0.5361737093750001 0.3766875 0.527159625 0.38909375 0.5143192484375
36 0.287984375 0.532065728125 0.3163125 0.5167370890625 0.31689062500000004 0.510798121875 0.312640625 0.501854459375 0.2896875 0.47629107968750006 0.29053124999999996 0.475446009375 0.26078125 0.4882159625 0.287984375 0.532065728125
20 0.9948750000000001 0.30711267656249996 0.9886874999999999 0.29626760625 0.79690625 0.24823943593750003 0.7917500000000001 0.260633803125 0.7690625000000001 0.42483568125 0.712359375 0.503826290625 0.7102968749999999 0.5115727703124999 0.76390625 0.5472065734375 0.887640625 0.6122769953125 0.9072343749999999 0.6138262906249999 0.9350625 0.556502346875 0.95671875 0.5115727703124999 0.978375 0.4077934265625 0.9948750000000001 0.30711267656249996
10 0.960640625 0.8430751171875001 0.970078125 0.8346948359375 0.972234375 0.8217840375 0.9640781249999999 0.79016431875 0.95075 0.7675821593750001 0.94215625 0.75661971875 0.930140625 0.7507981218750001 0.919390625 0.75338028125 0.9133906249999999 0.7546713609375 0.90865625 0.7643427234375 0.90865625 0.7662910796875 0.908234375 0.7682159625 0.9159687500000001 0.7979107984375 0.924546875 0.821150234375 0.93915625 0.8404929578125 0.960640625 0.8430751171875001
10 0.636109375 0.5986150234375 0.641234375 0.5986150234375 0.646375 0.5902112671874999 0.648234375 0.578286384375 0.6351718749999999 0.5565492953125 0.625828125 0.5502347421875 0.617890625 0.548826290625 0.6095 0.5502347421875 0.604828125 0.5551408453125 0.603421875 0.5593427234374999 0.603421875 0.567065728125 0.6174375000000001 0.5902112671874999 0.620234375 0.5951173703125 0.627703125 0.597934271875 0.636109375 0.5986150234375
9 0.5470937499999999 0.5700000000000001 0.534203125 0.5203051640624999 0.316 0.5538732390625001 0.31384375000000003 0.61194835625 0.537640625 0.5732394359375 0.5470937499999999 0.5700000000000001
9 0.69253125 0.5874647890625 0.652546875 0.637159625 0.80940625 0.76767605625 0.8509218749999999 0.6937558687500001 0.69253125 0.5874647890625
20 0.2955 0.544741784375 0.22834375 0.44159624375 0.199984375 0.28016431875 0.0015 0.3362206578125 0.049249999999999995 0.5492253515625001 0.10298437499999999 0.670281690625 0.2955 0.544741784375
9 0.775671875 0.43208920156249997 0.7482968750000001 0.4777230046875 0.9100781250000001 0.5637089203125 0.930984375 0.5053755875 0.775671875 0.43208920156249997