14 0.520046875 0.45872916718749995 0.498828125 0.2181666671875 0.19457812500000002 0.3125 0.198109375 0.3125 0.224640625 0.5931666671875 0.520046875 0.45872916718749995
14 0.783953125 0.1974375 0.504625 0.2365208328125 0.5138906249999999 0.4731458328125 0.780859375 0.4340625 0.783953125 0.1974375
14 1 0.22116666718750003 0.79940625 0.21412499999999998 0.795875 0.4235208328125 0.99353125 0.44000000000000006 1 0.22116666718750003
20 0.30842187499999996 0.6674166671874999 0.19214062499999998 0.59325 0.166859375 0.4089791671875 0.003375 0.5123541671875 0 0.7101041671874999 0.12640625 0.8561875000000001 0.30842187499999996 0.6674166671874999
10 0.529171875 0.6423333328124999 0.507640625 0.6433958328125 0.496484375 0.6550833328125 0.498875 0.6667916671875 0.51321875 0.6827291671875 0.533953125 0.6880416671875 0.5506875 0.6636041671874999 0.549890625 0.6529583328124999 0.529171875 0.6423333328124999
9 0.527546875 0.7095416671875 0.4846875 0.6540625 0.331265625 0.7410208328125 0.331265625 0.739375 0.330640625 0.7410208328125 0.367296875 0.805625 0.527546875 0.7095416671875
10 0.7421093750000001 0.5182708328125 0.742 0.4992083328125 0.737046875 0.49506249999999996 0.730234375 0.479375 0.7066718750000001 0.48185416718749996 0.70853125 0.4958958328125 0.7141093749999999 0.5148958328125001 0.7345625 0.524 0.734703125 0.5245625 0.73671875 0.5245625 0.7421093750000001 0.5182708328125
9 0.539234375 0.5269375000000001 0.558671875 0.4819583328125 0.51065625 0.46672916718749996 0.45064062499999996 0.491875 0.45234375 0.5048333328125 0.539234375 0.5269375000000001
14 0.19275 0.5845 0.16234375 0.4124791671875 0.1568125 0.4124791671875 0 0.5083125 0.00015625 0.7270208328125001 0.0029218750000000004 0.7393125 0.19275 0.5845
9 0.03425 0.72575 0.085359375 0.7785416671875 0.23940625 0.6470416671875 0.183984375 0.6067291671875 0.03425 0.72575
10 0.76728125 0.5112083328125 0.755734375 0.5185 0.753296875 0.5322916671875 0.7660625 0.5509375000000001 0.7849062499999999 0.5566041671875 0.7970625 0.5493125 0.7982812499999999 0.5306666671875 0.786734375 0.5144583328125 0.76728125 0.5112083328125