20 0.87415625 0.8167708328125001 0.508390625 0.6176666671875 0.248328125 0.7541249999999999 0.24496875 0.7921666671875001 0.436234375 0.9890208328125001 0.7600625 0.9867916671874999 0.8590625 0.8995416671875001 0.855703125 0.886125 0.8775156249999999 0.8659791671875 0.87415625 0.8167708328125001
20 0.9442499999999999 0.5123958328125 0.7246562499999999 0.6565416671875 0.72634375 0.6903125 1 0.8322083328125001 0.9983124999999999 0.8299583328125 1 0.5371666671875001 0.9442499999999999 0.5123958328125
20 0.6101093750000001 0.4494375 0.603375 0.4292083328125 0.52078125 0.4 0.45 0.3820208328125 0.40449999999999997 0.4112291671875 0.281453125 0.47191666718749997 0.407859375 0.5393333328125001 0.41629687499999996 0.5415833328125 0.589890625 0.46741666718749997 0.6101093750000001 0.4494375
20 0.396796875 0.5881041671875 0.395765625 0.5608125 0.22796875 0.47350000000000003 0.025375 0.5389791671874999 0.02025 0.5730833328125 0.15121875 0.6972291671875 0.396796875 0.5881041671875
20 0.0208125 0.3643541671875 0.052890625000000004 0.3750416671875 0.092515625 0.3649375 0.104109375 0.3584166671875 0.08228124999999999 0.3269375 0.049765625 0.3287083328125 0.00121875 0.33820833281249996 0.001671875 0.33820833281249996 0.001671875 0.36731250000000004 0.0208125 0.3643541671875
20 0.213140625 0.3307083328125 0.219296875 0.32579166718749997 0.24551562500000002 0.31814583281250003 0.2930625 0.30775 0.299609375 0.306125 0.308625 0.30502083281250003 0.3151875 0.3044791671875 0.32134375 0.3055833328125 0.32912499999999995 0.3083125 0.34510937500000005 0.3110416671875 0.34715625 0.3093958328125 0.3504375 0.30720833281250004 0.353296875 0.3022916671875 0.35412499999999997 0.2968333328125 0.355765625 0.29081250000000003 0.305765625 0.2771666671875 0.166421875 0.306125 0.16765625 0.3083125 0.168875 0.3159583328125 0.173796875 0.32579166718749997 0.20904687500000002 0.3328958328125 0.213140625 0.3307083328125
20 0.12971875 0.2994583328125 0.14351562499999998 0.306 0.154203125 0.3065833328125 0.26065625 0.2834375 0.26065625 0.28225 0.266 0.2768958328125 0.26778125 0.2644375 0.22903125 0.2567083328125 0.215671875 0.2573125 0.2134375 0.2585 0.20453125 0.26325 0.19162500000000002 0.2638333328125 0.17246875 0.2697708328125 0.16356250000000003 0.270375 0.152421875 0.2685833328125 0.11412499999999999 0.2792708328125 0.109671875 0.29175 0.11234375 0.29470833281250003 0.12971875 0.2994583328125
20 0.744890625 0.43833333281250003 0.838515625 0.3913541671875 0.660734375 0.3443541671875 0.548703125 0.3745208328125 0.5460625 0.3752291671875 0.547125 0.3843333328125 0.744890625 0.43833333281250003
20 0.062125 0.2447083328125 0.067390625 0.2438958328125 0.069828125 0.2447083328125 0.07590625 0.2492916671875 0.07651562499999999 0.2546875 0.07651562499999999 0.2555 0.092515625 0.2546875 0.10385937499999999 0.25227083281249996 0.1125625 0.23795833281249998 0.10953125 0.2312083328125 0.107703125 0.22985416718749999 0.09595312499999999 0.2312083328125 0.057875 0.2371458328125 0.0586875 0.2492916671875 0.060515625 0.2492916671875 0.062125 0.2447083328125
10 0.3289375 0.6565208328125001 0.29784375 0.6597083328125 0.27232812500000003 0.6745833328125 0.25796874999999997 0.7001041671875 0.265953125 0.7235 0.2890625 0.729875 0.37596875 0.6799166671875 0.35523437500000005 0.6639583328125 0.3289375 0.6565208328125001
20 1 0.453125 0.997984375 0.453125 0.9749375 0.4420625 0.9712500000000001 0.41870833281250003 0.9500625 0.4076458328125 0.8956875000000001 0.4002916671875 0.8146093750000001 0.4420625 0.8063125 0.4555625 0.8182812500000001 0.4826041671875 1 0.5329791671875 1 0.453125
20 0.194265625 0.2214791671875 0.19664062499999999 0.2274583328125 0.217234375 0.22922916718750003 0.244953125 0.22570833281249997 0.246 0.2204166671875 0.246265625 0.21620833281250001 0.25021875 0.21372916718749999 0.255234375 0.21091666718750002 0.223046875 0.21197916718749998 0.1879375 0.2151458328125 0.1879375 0.21620833281250001 0.188734375 0.2197291671875 0.194265625 0.2214791671875
20 0.33171875 0.22233333281249998 0.33171875 0.2140208328125 0.32178124999999996 0.208625 0.31065625 0.21018750000000003 0.31015625 0.2126666671875 0.311171875 0.2243541671875 0.33171875 0.22233333281249998
10 0.407890625 0.2777916671875 0.40403125 0.2932291671875 0.409171875 0.3000833328125 0.4233125 0.3000833328125 0.428453125 0.286375 0.42075 0.27608333281249997 0.407890625 0.2777916671875
20 0.369953125 0.1710208328125 0.37239062500000003 0.16939583281249998 0.37239062500000003 0.1642083328125 0.34584375 0.1642083328125 0.316875 0.16939583281249998 0.31931250000000005 0.17622916718749998 0.3334375 0.1775208328125 0.369953125 0.1710208328125
10 0.6013125 0.3621666671875 0.6013125 0.3597708328125 0.598765625 0.354 0.58778125 0.34820833281249997 0.578578125 0.348875 0.56453125 0.3529583328125 0.55228125 0.3648958328125 0.550484375 0.37374999999999997 0.5540625 0.3757916671875 0.6013125 0.3621666671875
10 0 0.39268749999999997 0.0036718750000000002 0.3991458328125 0.052453125 0.3899583328125 0.057562499999999996 0.38314583281250003 0.05321875 0.37293750000000003 0.03815625 0.3637291671875 0.015671875 0.362375 0.004171875 0.3698541671875 0.00009375 0.3736041671875 0 0.3787291671875 0 0.39268749999999997
10 0.08648437499999999 0.2911666671875 0.081328125 0.2869791671875 0.0761875 0.2842916671875 0.070796875 0.2831041671875 0.067 0.2848958328125 0.064078125 0.2881875 0.061609375 0.290875 0.061171875 0.29654166718749997 0.062515625 0.3004375 0.066546875 0.3049166671875 0.070796875 0.3055 0.075515625 0.3049166671875 0.0869375 0.3043125 0.08850000000000001 0.2986458328125 0.08648437499999999 0.2911666671875
10 0.07115625 0.2419166671875 0.065171875 0.24164583281250002 0.061046875 0.2438541671875 0.05815625 0.251 0.059187500000000004 0.2565 0.061046875 0.26033333281250004 0.06434374999999999 0.2614375 0.07053125 0.2586875 0.07671874999999999 0.2540208328125 0.07651562499999999 0.2443958328125 0.0750625 0.2432916671875 0.07115625 0.2419166671875