20 0.6472463845238096 0.22714765625000002 0.7039092238095237 0.1735472203125 0.5378062630952382 0.09362701875 0.4995021607142857 0.16484123125 0.4501698238095238 0.3510754234375 0.5960567202380952 0.4314055625 0.5995933916666667 0.42092595624999996 0.6472463845238096 0.22714765625000002
10 0.47665995 0.08847300625 0.47623005714285715 0.0419082890625 0.45294295952380953 0.03428775 0.44192949642857143 0.0515744875 0.4400687511904762 0.0857836 0.468552455952381 0.0904622890625 0.47665995 0.08847300625
10 0.799076992857143 0.35507313749999997 0.8013136845238095 0.3540409671875 0.8035111690476191 0.3516960921875 0.80649465 0.34521361875 0.8106525071428572 0.3355872265625 0.8108074916666667 0.3347713625 0.8067709107142856 0.3237942203125 0.8072750714285714 0.3226593296875 0.7949771261904762 0.31817067187500003 0.7914064369047619 0.3170021890625 0.7701667583333333 0.32410266249999997 0.7677022273809524 0.3325190703125 0.7691677107142857 0.338693321875 0.7722240869047619 0.344088309375 0.7766582821428571 0.34993417656250003 0.7834260678571429 0.354346290625 0.799076992857143 0.35507313749999997
10 0.9220943892857143 0.479511975 0.9249413071428572 0.47060171406249995 0.9254739107142858 0.46269822187500004 0.925424094047619 0.46296046406249997 0.9089484726190475 0.4575689328125 0.8965525333333333 0.45902143281249996 0.8877713666666667 0.4607593109375 0.8862322595238096 0.4677763453125 0.8942385202380952 0.4793407015625 0.9035648892857143 0.48384730937500003 0.9115373297619048 0.484413578125 0.9220943892857143 0.479511975
10 0.9587223523809524 0.6219807140625 0.9692479273809524 0.6321101953125 0.978276819047619 0.633734015625 0.986356375 0.6310237546875 0.9888805011904762 0.6271764046875 0.9865299595238095 0.618391321875 0.9769046261904761 0.6152414984375 0.9675650428571428 0.612866071875 0.9604417142857142 0.615208365625 0.9587223523809524 0.6219807140625
10 0.37608754404761907 0.3856981953125 0.37726653690476186 0.3794917984375 0.36486655119047623 0.37673386249999996 0.3574820202380952 0.37697897187499996 0.3566669726190476 0.376712253125 0.35610883690476186 0.3826885296875 0.359698930952381 0.3838633640625 0.36483108452380947 0.3877711765625 0.37088625357142857 0.3914858546875 0.3751410285714286 0.3906807953125 0.37608754404761907 0.3856981953125
10 0.10345311666666666 0.257422396875 0.10535489642857143 0.258044740625 0.11168122500000001 0.2601149875 0.11572721666666667 0.2563942640625 0.11446646904761903 0.2489252390625 0.11536933928571429 0.23711949843750002 0.11382734642857142 0.2346031828125 0.1073432988095238 0.23347170312499999 0.10569718571428571 0.23497568281249998 0.10443580119047619 0.234562903125 0.1036376869047619 0.23529210625000002 0.10219364166666667 0.23584088125 0.10083367380952382 0.23941925625 0.09975367738095238 0.2521574140625 0.10345311666666666 0.257422396875
20 0.9106051845238096 0.4178150140625 0.9133005071428572 0.41176438437499996 0.8647446476190476 0.3426109734375 0.760828236904762 0.3618689 0.7121227404761904 0.512685509375 0.7832912654761904 0.5683788890625 0.8216229535714286 0.42345233125000004 0.9106051845238096 0.4178150140625
20 0.40253692023809523 0.4372184296875 0.45356953690476187 0.42844717499999996 0.38925967499999997 0.393505959375 0.34818019285714286 0.398601653125 0.3150276226190476 0.4919591953125 0.37435985833333335 0.5206600625 0.40253692023809523 0.4372184296875
20 0.9364800392857143 0.6409780781250001 0.9837699119047618 0.6578770281249999 0.9879125011904761 0.634442225 0.9686469333333333 0.633863334375 0.9507913285714286 0.6208709109375 0.9380175535714286 0.6195381234374999 0.9340935976190476 0.6234844765625 0.9295587392857143 0.6239193375000001 0.9161251035714285 0.6862810406250001 0.9281978654761904 0.6611393703124999 0.9364800392857143 0.6409780781250001
14 0.5101022309523809 0.5126835390625 0.4694249226190476 0.4819167375 0.443800694047619 0.5556090859375 0.4878434095238095 0.57788289375 0.5144058583333334 0.5175891484374999 0.5101022309523809 0.5126835390625
14 0.5489576845238096 0.6145638156250001 0.5559187607142857 0.625662346875 0.5770520583333333 0.56931758125 0.573013555952381 0.5428341828125001 0.5489576845238096 0.6145638156250001
14 0.5894914 0.5830444703125 0.5735325035714286 0.63634726875 0.582532755952381 0.6440896890625 0.5948536428571428 0.596157640625 0.5951691488095239 0.594496775 0.5894914 0.5830444703125
14 0.8996020261904762 0.6889517609375 0.9046210690476191 0.6946485734375 0.9174671738095238 0.687679653125 0.940612286904762 0.592532809375 0.9257626047619048 0.5922538609375 0.8996020261904762 0.6889517609375
14 0.9440085988095238 0.5396066484375 0.8982848797619047 0.49514914374999996 0.8490899333333334 0.6132778078125 0.8979609583333333 0.643012025 0.9440085988095238 0.5396066484375
14 0.12937829761904762 0.2896753359375 0.10585477857142857 0.3893098046875 0.19658436190476192 0.432741940625 0.21961524880952382 0.33570075625 0.16364415119047618 0.3118756203125 0.13319377976190475 0.2936784203125 0.12937829761904762 0.2896753359375