20 0.3338272619047619 1 0.41316822023809524 0.531277990625 0.2656200988095238 0.2188273 0.23649295595238096 0.221090971875 0.12200035238095237 0.50249666875 0.179905125 0.9206769171875001 0.23802487142857143 1 0.3338272619047619 1
20 0.5246733392857142 1 0.42155328333333336 0.817564896875 0.39650705595238095 0.8256103359375 0.36933681904761906 1 0.5246733392857142 1
20 0.5500239928571429 0.361145609375 0.48312149285714284 0.21263839375 0.4544869797619048 0.387732859375 0.454263894047619 0.39902954375 0.5400575857142857 0.61053100625 0.557058838095238 0.6335429078125 0.5710679714285715 0.6213255640625001 0.5786415976190477 0.5094961984374999 0.5798408666666667 0.4148851234375 0.5500239928571429 0.361145609375
20 0.4159717904761905 0.381902878125 0.4362704642857143 0.375830778125 0.47264600714285715 0.14378156250000002 0.4273176119047619 0.00910751875 0.3087428261904762 0.03654918125 0.29144786666666667 0.08342773125 0.4159717904761905 0.381902878125
20 0.610672707142857 0.20731701875000003 0.6130667428571428 0.21877851874999998 0.6146127369047619 0.2271668859375 0.6148532702380953 0.235315946875 0.6141566952380952 0.24584759531249997 0.6148845773809525 0.2669822765625 0.6164749321428571 0.26934218906249996 0.6186860619047618 0.273203546875 0.6228717071428571 0.276045690625 0.6271110595238095 0.27616826250000004 0.6319135607142857 0.27724336250000003 0.6334700261904762 0.2102457796875 0.5875449404761905 0.035164159375 0.5861179404761905 0.03713951875 0.5805926785714286 0.0400425109375 0.5740691107142857 0.048111871875000004 0.5748597428571428 0.09490824375 0.5772119607142857 0.09981980625 0.5819701023809524 0.106923359375 0.5922598380952381 0.1394849875 0.6083165678571428 0.1991369671875 0.610672707142857 0.20731701875000003
20 0.5843942178571429 0 0.5836611023809524 0.0055347468750000005 0.5850792761904762 0.019450278125 0.6209316738095239 0.1530281171875 0.6218226892857143 0.152821909375 0.6267680130952381 0.1587992875 0.636425180952381 0.1589382921875 0.6354957380952381 0.10750942968749999 0.6327225821428571 0.090346546875 0.6314435702380953 0.0876646890625 0.62633295 0.0769776546875 0.6236541119047619 0.06039684375 0.6158725809523811 0.036667275 0.6138727023809524 0.0252603234375 0.613282494047619 0.010549275 0.6100345071428571 0 0.5843942178571429 0
20 0.6016179333333334 0.537872325 0.5949713083333333 0.5408265921875001 0.588795144047619 0.805827565625 0.6403028178571429 0.9186856656250001 0.6446969250000001 0.6807312375000001 0.6026079571428571 0.541162490625 0.6016179333333334 0.537872325
10 0.29165949523809526 0.2362906984375 0.29088904404761906 0.26726796249999996 0.3434653773809524 0.370924346875 0.35183890357142855 0.341352784375 0.35285307619047623 0.3060709828125 0.3450620273809524 0.2664339421875 0.3294701309523809 0.236036478125 0.30782761190476193 0.22190776875 0.29165949523809526 0.2362906984375
20 0.5865333845238095 0.8882108484375 0.568321569047619 0.9083769140625 0.5661685773809524 0.9923999671875 0.6352697428571429 0.9764079421874999 0.5981035726190476 0.8965908078125 0.5865333845238095 0.8882108484375
20 0.6656730452380952 0.1231405796875 0.6688768095238096 0.12275314531249999 0.6714234535714286 0.1274322953125 0.6744047107142858 0.13342690625 0.6680181845238095 0.0920071265625 0.6595454619047619 0.047176032812500004 0.6587482369047619 0.047360534375 0.6562448261904761 0.0490019296875 0.6558922404761904 0.05645528749999999 0.6518183095238095 0.060563389062499993 0.6540656666666667 0.087489553125 0.6615207642857144 0.12270631875 0.6656730452380952 0.1231405796875
20 0.6826287166666667 0.20472061875 0.6740356 0.20806288906249998 0.6791198190476191 0.234270046875 0.6853569345238095 0.23282659687499999 0.6876799595238096 0.219044803125 0.6845757333333334 0.20493639687499998 0.6826287166666667 0.20472061875
10 0.6478652011904762 0.37042576718750003 0.6542497119047619 0.35868188437500004 0.6507348904761905 0.34235701875 0.6384815023809525 0.3400492375 0.6342312773809524 0.3478840171875 0.6366867714285713 0.3661616265625 0.6478652011904762 0.37042576718750003
20 0.7162628083333333 0.20589110625 0.7115588226190477 0.21022831874999998 0.7130424273809524 0.2287100265625 0.7242604428571429 0.27477995625 0.7259029952380952 0.27764839218750004 0.729795330952381 0.2767475921875 0.7251855142857143 0.24243415937499999 0.7162628083333333 0.20589110625
10 0.6270385261904762 0.5753243734375 0.6215354666666667 0.55787700625 0.6104512154761904 0.54411606875 0.6034956464285715 0.5433310109375 0.6025850583333333 0.548310484375 0.6210131761904762 0.6070179953125 0.6228108428571428 0.6066019640625 0.6266986095238095 0.6023078796875 0.6291368523809524 0.5871042015625 0.6270385261904762 0.5753243734375