1 0.07857142857142857 0.8328125 0.10952380952380952 0.24375
1 0.18214285714285713 0.8296875 0.11369047619047619 0.2234375
1 0.27440476190476193 0.83515625 0.09047619047619047 0.21796875
1 0.36666666666666664 0.81953125 0.09047619047619047 0.21796875
1 0.4452380952380952 0.8375 0.11785714285714285 0.21328125
1 0.5452380952380952 0.8375 0.08214285714285714 0.203125
1 0.631547619047619 0.84296875 0.09821428571428571 0.228125
1 0.7255952380952381 0.8375 0.09047619047619047 0.21328125
1 0.8154761904761905 0.8375 0.09047619047619047 0.21328125
1 0.9196428571428571 0.82734375 0.08630952380952381 0.2078125
1 0.8863095238095238 0.5890625 0.10595238095238095 0.25859375
1 0.7803571428571429 0.62421875 0.09047619047619047 0.2078125
1 0.12380952380952381 0.62421875 0.10952380952380952 0.23359375
1 0.2119047619047619 0.61640625 0.07857142857142857 0.23828125
1 0.29404761904761906 0.63984375 0.09047619047619047 0.23828125
1 0.1392857142857143 0.39375 0.1255952380952381 0.25390625
1 0.28809523809523807 0.15234375 0.11369047619047619 0.228125
1 0.4041666666666667 0.1671875 0.09404761904761905 0.25859375
1 0.4982142857142857 0.1625 0.09821428571428571 0.23828125
1 0.5958333333333333 0.18046875 0.09404761904761905 0.25390625
1 0.7095238095238096 0.17734375 0.11785714285714285 0.23359375