1 0.11190476190476191 0.88359375 0.13095238095238096 0.2328125
1 0.2148809523809524 0.878125 0.13452380952380952 0.240625
1 0.30714285714285716 0.86875 0.10952380952380952 0.23125
1 0.3976190476190476 0.83828125 0.10952380952380952 0.23125
1 0.4767857142857143 0.84375 0.13690476190476192 0.2296875
1 0.5761904761904761 0.828125 0.1 0.2140625
1 0.6625 0.81953125 0.11785714285714285 0.2421875
1 0.7553571428571428 0.79921875 0.10952380952380952 0.225
1 0.8446428571428571 0.784375 0.10952380952380952 0.225
1 0.9470238095238095 0.7578125 0.10476190476190476 0.2203125
1 0.8916666666666667 0.5265625 0.12976190476190477 0.275
1 0.7898809523809524 0.578125 0.10952380952380952 0.2203125
1 0.1380952380952381 0.68359375 0.13095238095238096 0.25
1 0.225 0.66171875 0.1 0.2484375
1 0.30833333333333335 0.671875 0.11190476190476191 0.25
1 0.13214285714285715 0.45234375 0.1488095238095238 0.271875
1 0.2571428571428571 0.1890625 0.13452380952380952 0.2453125
1 0.3738095238095238 0.18515625 0.11785714285714285 0.271875
1 0.4666666666666667 0.165625 0.11904761904761904 0.2515625
1 0.5654761904761905 0.1671875 0.11666666666666667 0.265625
1 0.6779761904761905 0.14609375 0.1392857142857143 0.2515625