15 0.6553571428571429 0.82734375 0.16547619047619047 0.3453125
15 0.6607142857142857 0.5578125 0.12023809523809524 0.2296875
15 0.6845238095238095 0.30078125 0.175 0.303125
15 0.6946428571428571 0.10234375 0.16071428571428573 0.0859375
15 0.9529761904761904 0.13046875 0.09404761904761905 0.1046875
15 0.3982142857142857 0.1734375 0.15833333333333333 0.259375
15 0.35714285714285715 0.48828125 0.19047619047619047 0.3234375
15 0.35892857142857143 0.76484375 0.19285714285714287 0.21875
15 0.9511904761904761 0.36484375 0.09761904761904762 0.3296875
15 0.9178571428571428 0.728125 0.1630952380952381 0.4140625
15 0.09404761904761905 0.11015625 0.16666666666666666 0.2203125
15 0.09166666666666666 0.29453125 0.14761904761904762 0.1453125
15 0.08392857142857142 0.484375 0.15119047619047618 0.228125
15 0.08988095238095238 0.72265625 0.17261904761904762 0.24375