15 0.33154761904761904 0.17734375 0.1529761904761905 0.34609375
15 0.33690476190476193 0.453125 0.1125 0.221875
15 0.3238095238095238 0.71171875 0.1630952380952381 0.2921875
15 0.32142857142857145 0.91015625 0.15833333333333333 0.07421875
15 0.05357142857142857 0.90078125 0.10714285714285714 0.09765625
15 0.6148809523809524 0.81875 0.14821428571428572 0.24921875
15 0.6428571428571429 0.5015625 0.17857142857142858 0.3109375
15 0.6303571428571428 0.22578125 0.18392857142857144 0.20625
15 0.048214285714285716 0.66640625 0.09642857142857143 0.3234375
15 0.07380952380952381 0.30078125 0.14761904761904762 0.4046875
15 0.9208333333333333 0.86796875 0.15833333333333333 0.221875
15 0.9160714285714285 0.67734375 0.14285714285714285 0.1359375
15 0.9160714285714285 0.48671875 0.14285714285714285 0.21796875
15 0.9005952380952381 0.24921875 0.1630952380952381 0.23359375