28 0.7279761904761904 0.29453125 0.21904761904761905 0.39375
28 0.5261904761904762 0.271875 0.09761904761904762 0.178125
28 0.6732142857142858 0.06484375 0.13214285714285715 0.1296875
28 0.2976190476190476 0.440625 0.10357142857142858 0.234375
28 0.3011904761904762 0.9515625 0.07857142857142857 0.096875
28 0.8333333333333334 0.81953125 0.09642857142857143 0.265625
28 0.7095238095238096 0.77734375 0.1130952380952381 0.390625
28 0.6273809523809524 0.77265625 0.09047619047619047 0.29375
28 0.4886904761904762 0.5109375 0.12738095238095237 0.2609375
28 0.4095238095238095 0.44765625 0.09761904761904762 0.30625
28 0.5458333333333333 0.86015625 0.07976190476190476 0.2234375
28 0.4303571428571429 0.95625 0.1488095238095238 0.0875
28 0.35833333333333334 0.78359375 0.15357142857142858 0.221875
28 0.4738095238095238 0.01953125 0.11904761904761904 0.0390625
28 0.444047619047619 0.2734375 0.12023809523809524 0.1703125