28 0.6446428571428572 0.809375 0.2892857142857143 0.26796875
28 0.6720238095238096 0.54609375 0.13154761904761905 0.11875
28 0.8785714285714286 0.75 0.20833333333333334 0.16484375
28 0.555952380952381 0.2375 0.1738095238095238 0.1234375
28 0.1351190476190476 0.21640625 0.13154761904761905 0.09765625
28 0.2392857142857143 0.9203125 0.19702380952380952 0.11328125
28 0.2779761904761905 0.76015625 0.29345238095238096 0.12890625
28 0.2857142857142857 0.65234375 0.22023809523809523 0.103125
28 0.4922619047619048 0.484375 0.19285714285714287 0.1546875
28 0.5446428571428571 0.384375 0.22797619047619047 0.11328125
28 0.22380952380952382 0.54140625 0.16607142857142856 0.09296875
28 0.1255952380952381 0.384375 0.11964285714285715 0.190625
28 0.06190476190476191 0.71640625 0.12380952380952381 0.103125
28 0.2916666666666667 0.29921875 0.1619047619047619 0.190625
28 0.8916666666666667 0.4921875 0.07321428571428572 0.1546875
28 0.6755952380952381 0.43828125 0.12380952380952381 0.14921875