27 0.1976190476190476 0.38671875 0.17142857142857143 0.6421875
27 0.6386904761904761 0.59140625 0.22083333333333333 0.6421875
27 0.7863095238095238 0.2703125 0.17142857142857143 0.53984375
27 0.32261904761904764 0.87578125 0.1005952380952381 0.2484375
27 0.16130952380952382 0.9265625 0.10595238095238095 0.146875
27 0.4452380952380952 0.8796875 0.07380952380952381 0.240625
27 0.37857142857142856 0.52890625 0.10892857142857143 0.38671875
27 0.3529761904761905 0.1203125 0.14464285714285716 0.240625
27 0.4726190476190476 0.2625 0.04880952380952381 0.21875
27 0.5476190476190477 0.13515625 0.0625 0.2046875
27 0.6404761904761904 0.06953125 0.07916666666666666 0.1390625
27 0.4660714285714286 0.47109375 0.03571428571428571 0.109375