27 0.8095238095238095 0.57109375 0.22142857142857142 0.6625
27 0.3547619047619048 0.428125 0.2714285714285714 0.66875
27 0.23273809523809524 0.74375 0.2130952380952381 0.5125
27 0.6464285714285715 0.115625 0.11904761904761904 0.23125
27 0.8023809523809524 0.0546875 0.11666666666666667 0.109375
27 0.5238095238095238 0.11953125 0.09285714285714286 0.2390625
27 0.618452380952381 0.4546875 0.1392857142857143 0.4
27 0.6761904761904762 0.8578125 0.1630952380952381 0.259375
27 0.5464285714285714 0.7328125 0.06547619047619048 0.225
27 0.48154761904761906 0.86953125 0.07857142857142857 0.2125
27 0.39404761904761904 0.9359375 0.09047619047619047 0.128125
27 0.5363095238095238 0.52421875 0.04404761904761905 0.1140625