28 0.9333333333333333 0.76171875 0.1130952380952381 0.4765625
28 0.9380952380952381 0.27109375 0.11011904761904762 0.48203125
28 0.41309523809523807 0.1875 0.2398809523809524 0.26796875
28 0.12857142857142856 0.19609375 0.09642857142857143 0.20234375
28 0.10833333333333334 0.51484375 0.12023809523809524 0.3390625
28 0.5464285714285714 0.66953125 0.0869047619047619 0.4765625
28 0.8297619047619048 0.83046875 0.05654761904761905 0.3390625
28 0.8184523809523809 0.5953125 0.10654761904761904 0.13671875
28 0.3398809523809524 0.45234375 0.22321428571428573 0.0890625
28 0.23511904761904762 0.2203125 0.11011904761904762 0.1546875
28 0.07023809523809524 0.76484375 0.13988095238095238 0.42265625
28 0.45654761904761904 0.928125 0.22976190476190475 0.14375
28 0.5880952380952381 0.38359375 0.2630952380952381 0.190625
28 0.8035714285714286 0.39609375 0.22321428571428573 0.29765625
28 0.6017857142857143 0.18125 0.15357142857142858 0.1609375
28 0.7702380952380953 0.0953125 0.19642857142857142 0.14296875
28 0.7934523809523809 0.20859375 0.20654761904761904 0.0890625