28 0.0630952380952381 0.34140625 0.1261904761904762 0.4953125
28 0.09821428571428571 0.7875 0.17261904761904762 0.425
28 0.6267857142857143 0.78828125 0.2726190476190476 0.31875
28 0.905952380952381 0.71484375 0.12142857142857143 0.221875
28 0.8839285714285714 0.39609375 0.1630952380952381 0.3609375
28 0.43214285714285716 0.34375 0.1488095238095238 0.4890625
28 0.13154761904761905 0.25 0.10119047619047619 0.346875
28 0.1738095238095238 0.47890625 0.12380952380952381 0.159375
28 0.6642857142857143 0.51015625 0.23214285714285715 0.1390625
28 0.7976190476190477 0.71484375 0.12857142857142856 0.1765625
28 0.8875 0.18203125 0.19404761904761905 0.3640625
28 0.4857142857142857 0.0828125 0.24523809523809523 0.165625
28 0.42857142857142855 0.634375 0.2845238095238095 0.2484375
28 0.2148809523809524 0.671875 0.25952380952380955 0.3453125
28 0.44166666666666665 0.83671875 0.17261904761904762 0.19375
28 0.2869047619047619 0.93359375 0.2119047619047619 0.1328125
28 0.2494047619047619 0.85390625 0.2154761904761905 0.134375