28 0.05357142857142857 0.484375 0.0875 0.85703125
28 0.15357142857142858 0.471875 0.06726190476190476 0.86484375
28 0.24285714285714285 0.42890625 0.07738095238095238 0.74609375
28 0.3279761904761905 0.43671875 0.07202380952380952 0.79375
28 0.4166666666666667 0.440625 0.075 0.73828125
28 0.5077380952380952 0.515625 0.07738095238095238 0.8890625
28 0.5863095238095238 0.51171875 0.1 0.84921875
28 0.6833333333333333 0.4765625 0.06964285714285715 0.84140625
28 0.763095238095238 0.50390625 0.075 0.88125
28 0.8613095238095239 0.42421875 0.06726190476190476 0.721875
28 0.95 0.49609375 0.09464285714285714 0.8171875