28 0.5458333333333333 0.6078125 0.12083333333333333 0.19453125
28 0.5148809523809523 0.7671875 0.13214285714285715 0.20546875
28 0.3773809523809524 0.72734375 0.1392857142857143 0.24296875
28 0.43214285714285716 0.54296875 0.11011904761904762 0.19453125
28 0.29464285714285715 0.59765625 0.1392857142857143 0.20546875
28 0.2767857142857143 0.4296875 0.14285714285714285 0.17265625
28 0.3202380952380952 0.3 0.10238095238095238 0.1515625
28 0.3827380952380952 0.421875 0.0880952380952381 0.15703125
28 0.40654761904761905 0.20546875 0.11011904761904762 0.178125
28 0.6297619047619047 0.71640625 0.0988095238095238 0.20546875
28 0.49464285714285716 0.4484375 0.12797619047619047 0.1671875
28 0.46904761904761905 0.28671875 0.0880952380952381 0.13515625
28 0.5053571428571428 0.2109375 0.11011904761904762 0.20546875
28 0.7160714285714286 0.621875 0.09523809523809523 0.21640625
28 0.6339285714285714 0.5375 0.10595238095238095 0.2484375
28 0.5845238095238096 0.3515625 0.11726190476190476 0.15703125
28 0.6154761904761905 0.2109375 0.09166666666666666 0.18359375
28 0.6958333333333333 0.29765625 0.14642857142857144 0.21640625
28 0.7363095238095239 0.45703125 0.14285714285714285 0.1625