28 0.5357142857142857 0.6140625 0.1380952380952381 0.2125
28 0.48988095238095236 0.7671875 0.15 0.2265625
28 0.35714285714285715 0.70625 0.16071428571428573 0.2640625
28 0.42857142857142855 0.53203125 0.1261904761904762 0.209375
28 0.2869047619047619 0.5640625 0.15714285714285714 0.2265625
28 0.2851190476190476 0.39453125 0.15833333333333333 0.19375
28 0.3398809523809524 0.27265625 0.11547619047619048 0.1671875
28 0.39107142857142857 0.40390625 0.10238095238095238 0.16875
28 0.43452380952380953 0.19296875 0.125 0.19375
28 0.6089285714285714 0.7359375 0.11666666666666667 0.2203125
28 0.4994047619047619 0.44765625 0.14285714285714285 0.1859375
28 0.48928571428571427 0.28359375 0.1 0.146875
28 0.5321428571428571 0.2140625 0.12738095238095237 0.221875
28 0.7029761904761904 0.65546875 0.11428571428571428 0.2296875
28 0.6291666666666667 0.55859375 0.12857142857142856 0.2640625
28 0.5976190476190476 0.36640625 0.12976190476190477 0.1734375
28 0.6416666666666667 0.23125 0.10833333333333334 0.1984375
28 0.7130952380952381 0.33046875 0.16547619047619047 0.2375
28 0.7386904761904762 0.4953125 0.15714285714285714 0.184375