28 0.06130952380952381 0.47109375 0.075 0.9015625
28 0.15119047619047618 0.4671875 0.08452380952380953 0.88515625
28 0.24761904761904763 0.45078125 0.08214285714285714 0.88515625
28 0.33690476190476193 0.48359375 0.07023809523809524 0.91015625
28 0.42023809523809524 0.33203125 0.06785714285714285 0.62265625
28 0.5059523809523809 0.4671875 0.07023809523809524 0.86875
28 0.594047619047619 0.4796875 0.07261904761904762 0.91015625
28 0.6797619047619048 0.4796875 0.08214285714285714 0.91796875
28 0.7702380952380953 0.47578125 0.075 0.94296875
28 0.8625 0.47109375 0.07023809523809524 0.9265625
28 0.9470238095238095 0.5078125 0.075 0.97578125