28 0.9380952380952381 0.5390625 0.0869047619047619 0.903125
28 0.8482142857142857 0.540625 0.09642857142857143 0.8859375
28 0.7517857142857143 0.5546875 0.09404761904761905 0.8859375
28 0.6630952380952381 0.5203125 0.08214285714285714 0.9109375
28 0.5773809523809523 0.66953125 0.0761904761904762 0.6234375
28 0.493452380952381 0.5328125 0.08214285714285714 0.8703125
28 0.40595238095238095 0.51796875 0.08452380952380953 0.9109375
28 0.3202380952380952 0.51640625 0.09404761904761905 0.9203125
28 0.22976190476190475 0.51796875 0.0880952380952381 0.9453125
28 0.13690476190476192 0.5203125 0.08214285714285714 0.928125
28 0.05238095238095238 0.48515625 0.0880952380952381 0.9703125