29 0.030952380952380953 0.7453125 0.04702380952380952 0.29453125
29 0.13392857142857142 0.6796875 0.05238095238095238 0.41328125
29 0.28214285714285714 0.68203125 0.052976190476190475 0.38515625
29 0.22976190476190475 0.7078125 0.04583333333333333 0.34375
29 0.3767857142857143 0.6984375 0.047619047619047616 0.32578125
29 0.4303571428571429 0.66796875 0.05119047619047619 0.37734375
29 0.5244047619047619 0.69296875 0.04285714285714286 0.34140625
29 0.5744047619047619 0.6640625 0.052976190476190475 0.409375
29 0.9130952380952381 0.615625 0.052976190476190475 0.51015625
29 0.7119047619047619 0.66015625 0.05476190476190476 0.3953125
29 0.8041666666666667 0.69375 0.04523809523809524 0.3359375