28 0.4386904761904762 0.95 0.7035714285714286 0.1
28 0.5744047619047619 0.9234375 0.5011904761904762 0.153125
28 0.6291666666666667 0.8515625 0.4357142857142857 0.1515625
28 0.48988095238095236 0.73359375 0.7 0.2359375
28 0.5815476190476191 0.64453125 0.5119047619047619 0.165625
28 0.6470238095238096 0.56875 0.3523809523809524 0.1359375
28 0.5089285714285714 0.44296875 0.7 0.2390625
28 0.606547619047619 0.353125 0.5845238095238096 0.1796875
28 0.6976190476190476 0.2921875 0.38333333333333336 0.1453125
28 0.5613095238095238 0.17890625 0.7095238095238096 0.21875
28 0.65 0.090625 0.5333333333333333 0.18125