28 0.09345238095238095 0.48828125 0.09642857142857143 0.92890625
28 0.18452380952380953 0.6578125 0.060714285714285714 0.65390625
28 0.25297619047619047 0.71640625 0.055952380952380955 0.5671875
28 0.32261904761904764 0.51953125 0.08333333333333333 0.91328125
28 0.4023809523809524 0.62578125 0.055952380952380955 0.66953125
28 0.46845238095238095 0.70078125 0.055952380952380955 0.45703125
28 0.544047619047619 0.50390625 0.08630952380952381 0.91328125
28 0.6255952380952381 0.61796875 0.055952380952380955 0.7640625
28 0.6845238095238095 0.728125 0.058333333333333334 0.49609375
28 0.7505952380952381 0.53515625 0.06845238095238096 0.92890625
28 0.8315476190476191 0.6375 0.06845238095238096 0.69296875
28 0.9077380952380952 0.696875 0.07857142857142857 0.48046875