45 0.8140895916666666 0.199148603125 0.876676163095238 0.4390252015625 0.9107799821428572 0.3873960421875 0.9179784154761904 0.3464725 0.8752338440476191 0.1449368953125 0.8661902690476191 0.13411441562499998 0.8403197369047618 0.1478276546875 0.8140895916666666 0.199148603125
45 0.7864194511904762 0.223092728125 0.7625738654761904 0.2697481359375 0.833484011904762 0.5067588015625 0.8711870476190475 0.434667871875 0.8237181166666667 0.21553642812499998 0.8131897880952381 0.20426404687500002 0.7864194511904762 0.223092728125
45 0.7310344107142857 0.2979079 0.7086735797619047 0.345013209375 0.7782340202380953 0.5896970390625 0.8214261714285714 0.5219634390625 0.7711675369047618 0.2831283359375 0.7548352392857143 0.2781794140625 0.7310344107142857 0.2979079
45 0.7062890202380953 0.34967875 0.6859076035714285 0.3677493203125 0.652838636904762 0.422386103125 0.7014319357142856 0.590671328125 0.731172555952381 0.661646278125 0.7727449047619048 0.585339709375 0.7172672511904762 0.35839340937499997 0.7062890202380953 0.34967875
45 0.6633669654761905 0.43365848281249997 0.6507689321428571 0.4163708546875 0.6357415833333333 0.4306756890625 0.6005581535714285 0.50622414375 0.6533811523809523 0.7215898515625 0.6751578083333334 0.757823025 0.7189349095238095 0.6956547703125 0.7225341261904762 0.6751929984375 0.6633669654761905 0.43365848281249997
45 0.8171038583333333 0.1731214875 0.8202531738095238 0.1552174375 0.8054897904761905 0.0794157828125 0.7264168130952381 0.0554555234375 0.7770610226190476 0.22295103749999998 0.8171038583333333 0.1731214875
45 0.6961195297619047 0.21189483281250002 0.7295496571428572 0.2974579984375 0.7717069547619048 0.22671677343750002 0.7275358476190477 0.055794607812499994 0.6463643535714285 0.031198467187500002 0.6444216738095239 0.0345867359375 0.6961195297619047 0.21189483281250002
45 0.6546351488095238 0.056539904687499996 0.6490109857142857 0.044059509375 0.6139170726190476 0.0657541234375 0.5918710940476191 0.10217864531250001 0.5882718773809523 0.1226404171875 0.6778988809523809 0.3599344640625 0.7130375523809523 0.3113129296875 0.7161868666666666 0.29340887968749996 0.6546351488095238 0.056539904687499996
45 0.5649209511904761 0.13981118125 0.529017525 0.20167122656249997 0.6223340357142857 0.45355349062499994 0.6693954988095239 0.3816042515625 0.59686555 0.1360206171875 0.5873720738095238 0.127755859375 0.5649209511904761 0.13981118125
45 0.5347767357142857 0.22227468906249997 0.5067014511904762 0.221849615625 0.4802012107142857 0.25692443125 0.4727326797619048 0.281601840625 0.5553858142857143 0.51408865625 0.5703684059523809 0.52671074375 0.6040223226190476 0.47763930625000006 0.6061367857142858 0.45672763281249995 0.5347767357142857 0.22227468906249997
45 0.7842565023809523 1 0.786786030952381 0.985619471875 0.7758525583333333 0.9499778921875001 0.592012336904762 0.8215323343750001 0.5091809452380952 0.7856570296875 0.4959532035714285 0.7897309765625 0.4679234511904762 0.8512828109375 0.45550599761904764 0.90409515625 0.4497923178571428 0.9454686015625 0.45699152619047617 0.9934488859374999 0.4686259523809524 1 0.7842565023809523 1
45 0.4502831071428572 0.47146481875 0.44600865 0.451311259375 0.16997938214285713 0.3757525328125 0.15063281785714286 0.3968307265625 0.14059992261904763 0.44497753125 0.14087001904761903 0.46122366406250004 0.18311838214285717 0.5144362546875 0.41073570476190474 0.58071355625 0.4366062380952381 0.567000315625 0.4502831071428572 0.47146481875
45 0.4213095666666667 0.65396284375 0.17394053452380953 0.5843945374999999 0.11761015714285714 0.6023482437500001 0.10190834166666668 0.6649415734375 0.15158047619047618 0.720403675 0.39449524523809526 0.788622275 0.41010754523809523 0.7798827875 0.42693372976190475 0.666443240625 0.4213095666666667 0.65396284375
45 0.1370485607142857 0.7941276937499999 0.07923342976190477 0.8116314984375 0.06560131904761905 0.880240075 0.06713107738095238 0.88198649375 0.3845753357142857 0.97817670625 0.39584572619047614 0.8698529390624999 0.1370485607142857 0.7941276937499999
45 0.31902258452380955 0 0.2693653130952381 0.10413450312500001 0.23692682976190477 0.2263135375 0.27247141904761907 0.29096502968750004 0.2882187666666667 0.2903486078125 0.3406342976190476 0.21463363281249997 0.4457195738095238 0 0.31902258452380955 0