45 0.292 0 0.152 0.1 0.146 0.11399999999999999 0.162 0.144 0.206 0.16599999999999998 0.37 0.032 0.324 0 0.292 0
45 0.43 0.072 0.368 0.04 0.216 0.15 0.21000000000000002 0.16599999999999998 0.22999999999999998 0.196 0.27 0.21600000000000003 0.43 0.072
45 0.504 0.124 0.44399999999999995 0.08399999999999999 0.278 0.202 0.278 0.22400000000000003 0.298 0.25 0.338 0.268 0.504 0.124
45 0.522 0.22200000000000003 0.5680000000000001 0.16799999999999998 0.502 0.132 0.346 0.254 0.34199999999999997 0.27 0.36 0.292 0.40800000000000003 0.322 0.522 0.22200000000000003
45 0.63 0.254 0.6519999999999999 0.21800000000000003 0.596 0.176 0.58 0.176 0.414 0.306 0.404 0.32599999999999996 0.418 0.34199999999999997 0.482 0.37 0.63 0.254
45 0.23199999999999998 0.20800000000000002 0.186 0.16799999999999998 0.172 0.16799999999999998 0.06 0.244 0.004 0.294 0 0.312 0.014 0.33799999999999997 0.06 0.364 0.23199999999999998 0.20800000000000002
45 0.242 0.314 0.298 0.252 0.23600000000000002 0.21400000000000002 0.066 0.352 0.062 0.37 0.074 0.392 0.12200000000000001 0.42000000000000004 0.242 0.314
45 0.2 0.472 0.35600000000000004 0.304 0.312 0.27 0.298 0.27 0.13599999999999998 0.40199999999999997 0.128 0.41200000000000003 0.152 0.45199999999999996 0.184 0.472 0.2 0.472
45 0.438 0.354 0.37400000000000005 0.31 0.208 0.458 0.20400000000000001 0.472 0.218 0.49800000000000005 0.27199999999999996 0.53 0.438 0.354
45 0.498 0.426 0.504 0.404 0.45999999999999996 0.372 0.44399999999999995 0.374 0.28600000000000003 0.518 0.292 0.554 0.324 0.58 0.344 0.584 0.498 0.426
45 0.8099999999999999 0.466 0.842 0.46399999999999997 0.876 0.44400000000000006 0.926 0.08 0.914 0.044 0.86 0.024 0.7959999999999999 0.024 0.772 0.046 0.718 0.31 0.71 0.42400000000000004 0.7160000000000001 0.44000000000000006 0.768 0.462 0.8099999999999999 0.466
45 0.552 0.968 0.582 0.9019999999999999 0.58 0.596 0.564 0.5660000000000001 0.49000000000000005 0.5700000000000001 0.476 0.58 0.482 0.95 0.502 0.97 0.54 0.9720000000000001 0.552 0.968
45 0.742 0.8960000000000001 0.738 0.5700000000000001 0.728 0.5519999999999999 0.64 0.5559999999999999 0.632 0.5660000000000001 0.636 0.898 0.662 0.966 0.7120000000000001 0.9720000000000001 0.742 0.8960000000000001
45 0.9099999999999999 0.8960000000000001 0.908 0.562 0.898 0.538 0.798 0.55 0.8 0.898 0.8260000000000001 0.968 0.88 0.97 0.9099999999999999 0.8960000000000001
45 0.39599999999999996 0.8380000000000001 0.39199999999999996 0.818 0.324 0.768 0.086 0.6559999999999999 0.057999999999999996 0.6639999999999999 0.024 0.74 0.024 0.778 0.258 0.884 0.35600000000000004 0.898 0.39599999999999996 0.8380000000000001