1 0.14047619047619048 0.1671875 0.19464285714285715 0.29765625
1 0.35654761904761906 0.16015625 0.19464285714285715 0.3125
1 0.580952380952381 0.1765625 0.22142857142857142 0.33828125
1 0.8488095238095238 0.17265625 0.2488095238095238 0.30859375
1 0.17857142857142858 0.4984375 0.2702380952380952 0.3421875
1 0.5029761904761905 0.50703125 0.2916666666666667 0.33828125
1 0.8083333333333333 0.5125 0.2755952380952381 0.31953125
1 0.13214285714285715 0.83984375 0.24345238095238095 0.31953125
1 0.3863095238095238 0.83671875 0.23809523809523808 0.30859375
1 0.6321428571428571 0.84375 0.23214285714285715 0.3125
1 0.8839285714285714 0.8453125 0.23214285714285715 0.30859375