1 0.20892857142857144 0.878125 0.2392857142857143 0.190625
1 0.2255952380952381 0.6453125 0.25952380952380955 0.2921875
1 0.2654761904761905 0.35546875 0.28214285714285714 0.3296875
1 0.28809523809523807 0.09296875 0.2523809523809524 0.1859375
1 0.4636904761904762 0.86015625 0.28214285714285714 0.2796875
1 0.5059523809523809 0.496875 0.2904761904761905 0.4203125
1 0.5428571428571428 0.14921875 0.26666666666666666 0.2984375
1 0.7178571428571429 0.92109375 0.2571428571428571 0.1578125
1 0.7410714285714286 0.6890625 0.2630952380952381 0.3484375
1 0.7761904761904762 0.36953125 0.2642857142857143 0.340625
1 0.8005952380952381 0.11953125 0.24761904761904763 0.184375