27 0.8005952380952381 0.87578125 0.1773809523809524 0.2484375
27 0.17976190476190476 0.53125 0.27440476190476193 0.3765625
27 0.1488095238095238 0.79375 0.2392857142857143 0.28828125
27 0.22380952380952382 0.896875 0.18511904761904763 0.20625
27 0.4863095238095238 0.8890625 0.1773809523809524 0.221875
27 0.36488095238095236 0.86875 0.16964285714285715 0.2578125
27 0.37083333333333335 0.646875 0.16964285714285715 0.3296875
27 0.43452380952380953 0.16015625 0.18928571428571428 0.2734375
27 0.631547619047619 0.1703125 0.13154761904761905 0.309375
27 0.7589285714285714 0.175 0.1392857142857143 0.33984375
27 0.5732142857142857 0.5875 0.2125 0.26796875
27 0.6041666666666666 0.778125 0.18154761904761904 0.35546875
27 0.7392857142857143 0.64140625 0.10833333333333334 0.20078125
27 0.7761904761904762 0.4875 0.19285714285714287 0.21640625
27 0.919047619047619 0.17265625 0.1619047619047619 0.325
27 0.888095238095238 0.54921875 0.19702380952380952 0.7265625