27 0.22023809523809523 0.11484375 0.19047619047619047 0.2296875
27 0.8208333333333333 0.4984375 0.29285714285714287 0.4
27 0.8660714285714286 0.2390625 0.25357142857142856 0.3109375
27 0.7964285714285714 0.1296875 0.19642857142857142 0.2234375
27 0.5339285714285714 0.115625 0.18928571428571428 0.23125
27 0.6541666666666667 0.14453125 0.18333333333333332 0.2734375
27 0.6369047619047619 0.365625 0.18571428571428572 0.34375
27 0.5470238095238096 0.8453125 0.20357142857142857 0.290625
27 0.35119047619047616 0.8171875 0.1488095238095238 0.3203125
27 0.2244047619047619 0.80078125 0.15714285714285714 0.353125
27 0.43154761904761907 0.40625 0.2261904761904762 0.2875
27 0.4107142857142857 0.21328125 0.2011904761904762 0.371875
27 0.26904761904761904 0.33671875 0.11904761904761904 0.2109375
27 0.22380952380952382 0.4875 0.20357142857142857 0.234375
27 0.07678571428571429 0.78828125 0.15357142857142858 0.3390625
27 0.11666666666666667 0.41484375 0.23333333333333334 0.7421875