28 0.6916666666666667 0.478125 0.1523809523809524 0.95625
28 0.7952380952380952 0.6140625 0.12261904761904761 0.6953125
28 0.8970238095238096 0.709375 0.09523809523809523 0.4890625
28 0.9678571428571429 0.72734375 0.06428571428571428 0.4171875
28 0.6023809523809524 0.603125 0.1261904761904762 0.7765625
28 0.5047619047619047 0.49921875 0.15476190476190477 0.95625
28 0.4095238095238095 0.6171875 0.11666666666666667 0.765625
28 0.30773809523809526 0.521875 0.15595238095238095 0.95625
28 0.23452380952380952 0.62890625 0.12142857142857143 0.7421875
28 0.13273809523809524 0.51953125 0.14404761904761904 0.9609375
28 0.05476190476190476 0.684375 0.10952380952380952 0.63125