28 0.30773809523809526 0.5 0.08928571428571429 0.95078125
28 0.21369047619047618 0.35234375 0.07738095238095238 0.68828125
28 0.11845238095238095 0.24609375 0.0630952380952381 0.48359375
28 0.033928571428571426 0.2171875 0.06785714285714285 0.41015625
28 0.40476190476190477 0.38515625 0.075 0.7703125
28 0.49523809523809526 0.5 0.09166666666666666 0.95078125
28 0.5976190476190476 0.3890625 0.06547619047619048 0.7703125
28 0.6934523809523809 0.4875 0.09166666666666666 0.975
28 0.7744047619047619 0.38515625 0.07023809523809524 0.7703125
28 0.868452380952381 0.5 0.07738095238095238 1
28 0.9589285714285715 0.33984375 0.06785714285714285 0.6796875