28 0.9208333333333333 0.57890625 0.15833333333333333 0.8421875
28 0.8327380952380953 0.7046875 0.12023809523809524 0.590625
28 0.7517857142857143 0.6375 0.14642857142857144 0.725
28 0.6553571428571429 0.69296875 0.13452380952380952 0.6140625
28 0.580952380952381 0.56171875 0.16428571428571428 0.8703125
28 0.4875 0.52265625 0.17261904761904762 0.91875
28 0.40535714285714286 0.54140625 0.14761904761904762 0.8125
28 0.30654761904761907 0.64765625 0.13214285714285715 0.6203125
28 0.22678571428571428 0.61796875 0.13214285714285715 0.6359375
28 0.1392857142857143 0.6328125 0.12380952380952381 0.5953125
28 0.07023809523809524 0.49921875 0.14047619047619048 0.8046875