28 0.06666666666666667 0.46796875 0.09107142857142857 0.87890625
28 0.15 0.3390625 0.06428571428571428 0.6046875
28 0.2363095238095238 0.3953125 0.07857142857142857 0.73359375
28 0.3261904761904762 0.32265625 0.0761904761904762 0.62890625
28 0.41369047619047616 0.4515625 0.08392857142857142 0.86328125
28 0.5101190476190476 0.47578125 0.0886904761904762 0.9109375
28 0.5898809523809524 0.44375 0.07380952380952381 0.80625
28 0.6785714285714286 0.32265625 0.0761904761904762 0.61328125
28 0.7601190476190476 0.3390625 0.07380952380952381 0.62890625
28 0.8458333333333333 0.31015625 0.06904761904761905 0.5890625
28 0.9321428571428572 0.43125 0.07857142857142857 0.7984375