15 0.45 0.790625 0.1255952380952381 0.3203125
15 0.638095238095238 0.7984375 0.11547619047619048 0.2765625
15 0.1255952380952381 0.790625 0.14047619047619048 0.28828125
15 0.2916666666666667 0.4640625 0.09047619047619047 0.2921875
15 0.45714285714285713 0.46640625 0.11071428571428571 0.27265625
15 0.6232142857142857 0.171875 0.11071428571428571 0.24140625
15 0.7964285714285714 0.15390625 0.14583333333333334 0.2765625
15 0.1255952380952381 0.1484375 0.10535714285714286 0.26875
28 0.29404761904761906 0.7984375 0.1255952380952381 0.27265625
28 0.8339285714285715 0.790625 0.1505952380952381 0.27265625
28 0.8065476190476191 0.48046875 0.12083333333333333 0.2765625
28 0.6357142857142857 0.47265625 0.15595238095238095 0.2765625
28 0.2916666666666667 0.1703125 0.1357142857142857 0.25703125
28 0.45714285714285713 0.16171875 0.13035714285714287 0.25703125
28 0.1255952380952381 0.47421875 0.14047619047619048 0.2765625