15 0.5577380952380953 0.21171875 0.13452380952380952 0.3265625
15 0.36964285714285716 0.1953125 0.12261904761904761 0.28125
15 0.8821428571428571 0.2265625 0.14761904761904762 0.29375
15 0.7071428571428572 0.5453125 0.09761904761904762 0.296875
15 0.5416666666666666 0.53515625 0.11785714285714285 0.2765625
15 0.3678571428571429 0.82265625 0.11666666666666667 0.2453125
15 0.19464285714285715 0.83203125 0.15357142857142858 0.2828125
15 0.8642857142857143 0.865625 0.11190476190476191 0.26875
28 0.7136904761904762 0.2109375 0.13333333333333333 0.278125
28 0.1738095238095238 0.19453125 0.15833333333333333 0.2796875
28 0.19285714285714287 0.50546875 0.12857142857142856 0.28125
28 0.3636904761904762 0.52109375 0.1630952380952381 0.2828125
28 0.6994047619047619 0.8390625 0.14285714285714285 0.2625
28 0.5339285714285714 0.83984375 0.1380952380952381 0.2625
28 0.8732142857142857 0.54296875 0.14761904761904762 0.2828125