28 0.10654761904761904 0.82734375 0.1130952380952381 0.3078125
28 0.25535714285714284 0.8078125 0.11726190476190476 0.34140625
28 0.4101190476190476 0.7203125 0.15892857142857142 0.51171875
28 0.5815476190476191 0.80546875 0.1130952380952381 0.36953125
28 0.7345238095238096 0.7609375 0.1380952380952381 0.4265625
28 0.9035714285714286 0.70390625 0.14642857142857144 0.5546875
28 0.09821428571428571 0.33671875 0.1505952380952381 0.596875
28 0.2654761904761905 0.16796875 0.12142857142857143 0.2609375
28 0.25535714285714284 0.459375 0.09642857142857143 0.32734375
28 0.4101190476190476 0.22734375 0.10892857142857143 0.37421875
28 0.5797619047619048 0.303125 0.1380952380952381 0.540625
28 0.7470238095238095 0.2515625 0.12142857142857143 0.4171875
28 0.9017857142857143 0.21328125 0.11726190476190476 0.36953125