28 0.12976190476190477 0.85546875 0.13333333333333333 0.2890625
28 0.2767857142857143 0.82890625 0.1392857142857143 0.3421875
28 0.425 0.7296875 0.19285714285714287 0.528125
28 0.6017857142857143 0.7953125 0.13690476190476192 0.3796875
28 0.7511904761904762 0.7328125 0.16547619047619047 0.440625
28 0.9119047619047619 0.65625 0.1761904761904762 0.56875
28 0.09166666666666666 0.3828125 0.18333333333333332 0.6125
28 0.24404761904761904 0.19609375 0.1380952380952381 0.2734375
28 0.25357142857142856 0.4875 0.11785714285714285 0.3375
28 0.39226190476190476 0.23828125 0.13452380952380952 0.3859375
28 0.5666666666666667 0.29453125 0.1738095238095238 0.5546875
28 0.7297619047619047 0.22421875 0.1488095238095238 0.4296875
28 0.8809523809523809 0.1796875 0.14047619047619048 0.359375