1 0.8208333333333333 0.84765625 0.21071428571428572 0.3046875
1 0.8672619047619048 0.5828125 0.2357142857142857 0.3296875
1 0.8863095238095238 0.2796875 0.22738095238095238 0.36875
1 0.7107142857142857 0.25390625 0.23452380952380952 0.3625
1 0.6303571428571428 0.8453125 0.20833333333333334 0.309375
1 0.6708333333333333 0.5703125 0.20833333333333334 0.3265625
1 0.4511904761904762 0.81484375 0.21666666666666667 0.3546875
1 0.49166666666666664 0.5140625 0.2369047619047619 0.3796875
1 0.5369047619047619 0.19140625 0.24285714285714285 0.35625
1 0.3464285714285714 0.1609375 0.20714285714285716 0.321875
1 0.1630952380952381 0.15390625 0.21428571428571427 0.3078125
1 0.305952380952381 0.47109375 0.21666666666666667 0.35
1 0.26904761904761904 0.7765625 0.22380952380952382 0.3390625
1 0.10357142857142858 0.7375 0.20714285714285716 0.340625
1 0.1261904761904762 0.44609375 0.2523809523809524 0.3390625