1 0.13392857142857142 0.1984375 0.16845238095238096 0.3359375
1 0.12738095238095237 0.50234375 0.2 0.28828125
1 0.13154761904761905 0.8078125 0.2226190476190476 0.3234375
1 0.325 0.790625 0.19523809523809524 0.3234375
1 0.325 0.18125 0.17261904761904762 0.2921875
1 0.32261904761904764 0.46953125 0.17261904761904762 0.2921875
1 0.506547619047619 0.17890625 0.1773809523809524 0.31875
1 0.506547619047619 0.484375 0.19523809523809524 0.340625
1 0.5047619047619047 0.8125 0.20476190476190476 0.3140625
1 0.6976190476190476 0.81015625 0.16845238095238096 0.31015625
1 0.881547619047619 0.79453125 0.17261904761904762 0.3359375
1 0.6952380952380952 0.484375 0.1773809523809524 0.3140625
1 0.6910714285714286 0.175 0.1863095238095238 0.3015625
1 0.8773809523809524 0.1703125 0.20892857142857144 0.296875
1 0.8797619047619047 0.4671875 0.22738095238095238 0.2921875