28 0.31726190476190474 0.24453125 0.11428571428571428 0.4828125
28 0.39166666666666666 0.2515625 0.12380952380952381 0.503125
28 0.4785714285714286 0.2671875 0.12261904761904761 0.478125
28 0.5571428571428572 0.26328125 0.1261904761904762 0.50625
28 0.6440476190476191 0.28671875 0.13452380952380952 0.5
28 0.22023809523809523 0.70234375 0.1 0.3890625
28 0.15416666666666667 0.7234375 0.09761904761904762 0.3609375
28 0.08988095238095238 0.67109375 0.1 0.3890625
28 0.03630952380952381 0.6890625 0.07261904761904762 0.315625
28 0.28273809523809523 0.71796875 0.09761904761904762 0.39375
28 0.3392857142857143 0.72421875 0.0869047619047619 0.4078125
28 0.06845238095238096 0.26796875 0.09285714285714286 0.3734375
28 0.1261904761904762 0.2421875 0.09285714285714286 0.3875
28 0.1875 0.2609375 0.09404761904761905 0.4015625
28 0.2494047619047619 0.27265625 0.10595238095238095 0.403125
28 0.7214285714285714 0.80078125 0.09761904761904762 0.3984375
28 0.44821428571428573 0.7234375 0.09166666666666666 0.421875