28 0.2916666666666667 0.28046875 0.06369047619047619 0.475
28 0.36607142857142855 0.26953125 0.07202380952380952 0.50390625
28 0.45416666666666666 0.2734375 0.0744047619047619 0.46796875
28 0.531547619047619 0.25546875 0.0744047619047619 0.49609375
28 0.6202380952380953 0.2625 0.08273809523809524 0.4890625
28 0.24464285714285713 0.7515625 0.060714285714285714 0.38125
28 0.18095238095238095 0.784375 0.060714285714285714 0.35234375
28 0.11190476190476191 0.74453125 0.060714285714285714 0.38125
28 0.05357142857142857 0.7734375 0.055357142857142855 0.309375
28 0.30773809523809526 0.75546875 0.05773809523809524 0.38828125
28 0.36488095238095236 0.7515625 0.04404761904761905 0.403125
28 0.048214285714285716 0.34921875 0.055357142857142855 0.3671875
28 0.10238095238095238 0.31328125 0.05238095238095238 0.38125
28 0.16547619047619047 0.3203125 0.05238095238095238 0.3953125
28 0.22797619047619047 0.3203125 0.06369047619047619 0.3953125
28 0.7529761904761905 0.76640625 0.055357142857142855 0.41015625
28 0.4726190476190476 0.73046875 0.04702380952380952 0.4171875