28 0.1 0.5078125 0.12738095238095237 0.35
28 0.15833333333333333 0.77890625 0.21845238095238095 0.20234375
28 0.19642857142857142 0.53828125 0.06190476190476191 0.2953125
28 0.31607142857142856 0.6640625 0.0875 0.3390625
28 0.25297619047619047 0.45078125 0.08392857142857142 0.4375
28 0.36904761904761907 0.30859375 0.1125 0.284375
28 0.39107142857142857 0.62578125 0.08392857142857142 0.35546875
28 0.4928571428571429 0.63671875 0.0761904761904762 0.371875
28 0.5125 0.4484375 0.10892857142857143 0.49765625
28 0.6053571428571428 0.65546875 0.09107142857142857 0.32265625
28 0.6708333333333333 0.38828125 0.09821428571428571 0.36640625
28 0.6815476190476191 0.72421875 0.07976190476190476 0.328125
28 0.7529761904761905 0.65546875 0.08392857142857142 0.30625
28 0.8291666666666667 0.825 0.19642857142857142 0.18046875
28 0.8761904761904762 0.478125 0.18571428571428572 0.5078125