28 0.40714285714285714 0.05703125 0.26904761904761904 0.1140625
28 0.21904761904761905 0.17734375 0.18571428571428572 0.2390625
28 0.3982142857142857 0.12265625 0.23333333333333334 0.15
28 0.3339285714285714 0.30546875 0.2714285714285714 0.19375
28 0.4767857142857143 0.1734375 0.34404761904761905 0.2125
28 0.6095238095238096 0.28671875 0.2369047619047619 0.2109375
28 0.38095238095238093 0.39140625 0.2833333333333333 0.1921875
28 0.3970238095238095 0.52421875 0.29285714285714287 0.1875
28 0.5410714285714285 0.503125 0.39404761904761904 0.259375
28 0.4107142857142857 0.671875 0.25952380952380955 0.19375
28 0.6238095238095238 0.690625 0.29404761904761906 0.2125
28 0.37797619047619047 0.78515625 0.2619047619047619 0.18125
28 0.44642857142857145 0.86015625 0.24642857142857144 0.1796875
28 0.3339285714285714 0.925 0.17023809523809524 0.15
28 0.5958333333333333 0.896875 0.39880952380952384 0.20625