39 0.5452380952380952 0.1296875 0.1976190476190476 0.259375
39 0.40773809523809523 0.3203125 0.13333333333333333 0.2328125
39 0.319047619047619 0.48046875 0.11666666666666667 0.1609375
39 0.2577380952380952 0.59375 0.09166666666666666 0.134375
39 0.2113095238095238 0.68515625 0.05714285714285714 0.096875
39 0.17142857142857143 0.7484375 0.05357142857142857 0.0921875
39 0.1375 0.803125 0.0380952380952381 0.06875
39 0.1125 0.8484375 0.03214285714285714 0.059375
39 0.09404761904761905 0.884375 0.036904761904761905 0.059375
39 0.07321428571428572 0.91796875 0.04285714285714286 0.0515625
39 0.9333333333333333 0.22109375 0.10833333333333334 0.1375
39 0.8011904761904762 0.35 0.20357142857142857 0.209375
39 0.65 0.4984375 0.15595238095238095 0.1578125
39 0.5446428571428571 0.60390625 0.12023809523809524 0.1359375
39 0.4630952380952381 0.67734375 0.10238095238095238 0.1265625
39 0.4005952380952381 0.74921875 0.1 0.0796875
39 0.34226190476190477 0.80234375 0.075 0.0640625
39 0.30654761904761907 0.8390625 0.05119047619047619 0.0671875
39 0.26785714285714285 0.878125 0.047619047619047616 0.0546875
39 0.2392857142857143 0.9078125 0.05 0.0484375
39 0.9273809523809524 0.515625 0.14523809523809525 0.125
39 0.8077380952380953 0.60078125 0.14523809523809525 0.11875
39 0.6964285714285714 0.67890625 0.10357142857142858 0.103125
39 0.6130952380952381 0.7421875 0.09047619047619047 0.090625
39 0.544047619047619 0.790625 0.075 0.0734375
39 0.48273809523809524 0.83125 0.07976190476190476 0.084375
39 0.43273809523809526 0.8703125 0.05952380952380952 0.078125
39 0.3892857142857143 0.90234375 0.05357142857142857 0.0625
39 0.9833333333333333 0.628125 0.03333333333333333 0.06875
39 0.9101190476190476 0.6796875 0.1261904761904762 0.1015625
39 0.8172619047619047 0.73671875 0.1130952380952381 0.078125
39 0.7226190476190476 0.7875 0.09523809523809523 0.08125
39 0.6452380952380953 0.83203125 0.08214285714285714 0.075
39 0.5857142857142857 0.86015625 0.06190476190476191 0.046875
39 0.5380952380952381 0.89140625 0.05238095238095238 0.05
39 0.9732142857142857 0.73359375 0.05357142857142857 0.0546875
39 0.9029761904761905 0.775 0.11071428571428571 0.065625
39 0.7446428571428572 0.85625 0.07738095238095238 0.0609375
39 0.6916666666666667 0.87890625 0.05952380952380952 0.046875
39 0.8130952380952381 0.8125 0.06904761904761905 0.0578125
39 0.9922619047619048 0.84765625 0.015476190476190477 0.0421875