39 0.5773809523809523 0.1265625 0.2 0.253125
39 0.4232142857142857 0.3265625 0.1363095238095238 0.18203125
39 0.325 0.46796875 0.10535714285714286 0.14609375
39 0.2511904761904762 0.57421875 0.07083333333333333 0.11796875
39 0.2017857142857143 0.65546875 0.06547619047619048 0.0953125
39 0.15773809523809523 0.71484375 0.05416666666666667 0.08515625
39 0.125 0.75625 0.04523809523809524 0.07265625
39 0.09583333333333334 0.80546875 0.03571428571428571 0.0484375
39 0.07083333333333333 0.84296875 0.033928571428571426 0.04375
39 0.047619047619047616 0.87109375 0.026785714285714284 0.05703125
39 0.20714285714285716 0.87890625 0.05416666666666667 0.046875
39 0.24047619047619048 0.84375 0.05238095238095238 0.0453125
39 0.2857142857142857 0.81328125 0.05119047619047619 0.05
39 0.32321428571428573 0.775 0.06130952380952381 0.06953125
39 0.9464285714285714 0.259375 0.10714285714285714 0.125
39 0.8113095238095238 0.38828125 0.1988095238095238 0.1859375
39 0.6505952380952381 0.51171875 0.14464285714285716 0.14921875
39 0.5357142857142857 0.6046875 0.11071428571428571 0.11796875
39 0.4446428571428571 0.67734375 0.10773809523809524 0.11328125
39 0.3821428571428571 0.7328125 0.07380952380952381 0.08203125
39 0.3261904761904762 0.78359375 0.06369047619047619 0.0609375
39 0.2839285714285714 0.81328125 0.05119047619047619 0.0640625
39 0.9267857142857143 0.55703125 0.14642857142857144 0.13046875
39 0.7904761904761904 0.6375 0.14345238095238094 0.1078125
39 0.6791666666666667 0.69921875 0.11904761904761904 0.0921875
39 0.5952380952380952 0.746875 0.0994047619047619 0.0796875
39 0.5208333333333334 0.7921875 0.0869047619047619 0.0640625
39 0.4601190476190476 0.834375 0.07380952380952381 0.04375
39 0.4107142857142857 0.86171875 0.0625 0.04375
39 0.3613095238095238 0.88515625 0.055357142857142855 0.05078125
39 0.5095238095238095 0.89609375 0.06666666666666667 0.04296875
39 0.5619047619047619 0.87109375 0.06964285714285715 0.04140625
39 0.6202380952380953 0.84140625 0.08928571428571429 0.05859375
39 0.6958333333333333 0.80859375 0.09642857142857143 0.065625
39 0.7875 0.765625 0.12916666666666668 0.08515625
39 0.9017857142857143 0.71796875 0.13095238095238096 0.0953125
39 0.9755952380952381 0.68046875 0.048214285714285716 0.0453125
39 0.6625 0.90625 0.06130952380952381 0.034375
39 0.7119047619047619 0.884375 0.07380952380952381 0.05546875
39 0.875 0.82421875 0.10535714285714286 0.059375
39 0.9613095238095238 0.78359375 0.07738095238095238 0.0453125
39 0.9738095238095238 0.90234375 0.05238095238095238 0.0484375
39 0.7863095238095238 0.8546875 0.09821428571428571 0.05546875