39 0.5702380952380952 0.128125 0.18035714285714285 0.25546875
39 0.42023809523809524 0.31015625 0.11904761904761904 0.2203125
39 0.32083333333333336 0.46015625 0.10773809523809524 0.15078125
39 0.2523809523809524 0.565625 0.08392857142857142 0.125
39 0.2 0.6515625 0.05119047619047619 0.08984375
39 0.15595238095238095 0.71015625 0.048214285714285716 0.08828125
39 0.11904761904761904 0.76015625 0.033928571428571426 0.065625
39 0.09107142857142857 0.803125 0.02857142857142857 0.05546875
39 0.07023809523809524 0.83671875 0.03273809523809524 0.05703125
39 0.04702380952380952 0.8671875 0.03988095238095238 0.046875
39 0.95 0.271875 0.0994047619047619 0.1265625
39 0.8101190476190476 0.38515625 0.19166666666666668 0.1875
39 0.6494047619047619 0.515625 0.14761904761904762 0.1421875
39 0.5375 0.60859375 0.1125 0.1234375
39 0.4511904761904762 0.67265625 0.09523809523809523 0.11484375
39 0.38452380952380955 0.73671875 0.09523809523809523 0.06953125
39 0.32261904761904764 0.7828125 0.07083333333333333 0.05703125
39 0.2845238095238095 0.815625 0.04702380952380952 0.0625
39 0.24345238095238095 0.85 0.04404761904761905 0.05
39 0.2130952380952381 0.8765625 0.048214285714285716 0.04296875
39 0.9267857142857143 0.56484375 0.14345238095238094 0.109375
39 0.8 0.6359375 0.1392857142857143 0.10390625
39 0.6839285714285714 0.70078125 0.09821428571428571 0.0921875
39 0.5964285714285714 0.75390625 0.08511904761904762 0.08125
39 0.5244047619047619 0.79453125 0.07083333333333333 0.06640625
39 0.4607142857142857 0.828125 0.075 0.0765625
39 0.4083333333333333 0.8609375 0.055357142857142855 0.07109375
39 0.3630952380952381 0.88828125 0.05 0.05546875
39 0.9791666666666666 0.68359375 0.04107142857142857 0.0640625
39 0.8964285714285715 0.72578125 0.12202380952380952 0.08828125
39 0.8005952380952381 0.771875 0.10952380952380952 0.06640625
39 0.7029761904761904 0.81171875 0.09107142857142857 0.07265625
39 0.6226190476190476 0.84765625 0.07797619047619048 0.06640625
39 0.5613095238095238 0.86875 0.05952380952380952 0.04140625
39 0.5119047619047619 0.89453125 0.05 0.04296875
39 0.9654761904761905 0.7890625 0.06904761904761905 0.046875
39 0.8833333333333333 0.8203125 0.10773809523809524 0.05234375
39 0.7202380952380952 0.8828125 0.07380952380952381 0.05234375
39 0.6660714285714285 0.89921875 0.05654761904761905 0.03984375
39 0.7910714285714285 0.846875 0.06547619047619048 0.05078125
39 0.9803571428571428 0.9046875 0.039285714285714285 0.0375