39 0.20535714285714285 0.48515625 0.23333333333333334 0.3125
39 0.3886904761904762 0.6375 0.16547619047619047 0.2140625
39 0.5154761904761904 0.73125 0.13214285714285715 0.1671875
39 0.6113095238095239 0.8015625 0.10476190476190476 0.11875
39 0.6827380952380953 0.84609375 0.08571428571428572 0.1046875
39 0.7363095238095239 0.8890625 0.075 0.0890625
39 0.7726190476190476 0.9109375 0.05952380952380952 0.053125
39 0.8470238095238095 0.7890625 0.047619047619047616 0.08125
39 0.8136904761904762 0.7546875 0.04523809523809524 0.0765625
39 0.780952380952381 0.70390625 0.04880952380952381 0.0765625
39 0.7440476190476191 0.6640625 0.06547619047619048 0.0953125
39 0.35059523809523807 0.14609375 0.1761904761904762 0.2578125
39 0.475 0.3046875 0.14404761904761904 0.21875
39 0.5696428571428571 0.43046875 0.1130952380952381 0.16875
39 0.6440476190476191 0.53125 0.10714285714285714 0.1625
39 0.6994047619047619 0.5984375 0.07738095238095238 0.1125
39 0.7494047619047619 0.65859375 0.05952380952380952 0.0953125
39 0.780952380952381 0.70546875 0.05952380952380952 0.0796875
39 0.5369047619047619 0.1 0.11190476190476191 0.2
39 0.6077380952380952 0.22578125 0.09523809523809523 0.1734375
39 0.6619047619047619 0.32265625 0.08214285714285714 0.1453125
39 0.7125 0.4078125 0.06666666666666667 0.125
39 0.7571428571428571 0.47578125 0.04880952380952381 0.1046875
39 0.7886904761904762 0.5328125 0.04642857142857143 0.0890625
39 0.8172619047619047 0.590625 0.05 0.0828125
39 0.7916666666666666 0.3984375 0.047619047619047616 0.0953125
39 0.7613095238095238 0.3375 0.04523809523809524 0.096875
39 0.7261904761904762 0.26953125 0.06428571428571428 0.128125
39 0.6851190476190476 0.18046875 0.07023809523809524 0.1375
39 0.6327380952380952 0.08203125 0.09166666666666666 0.1640625
39 0.580952380952381 0.015625 0.08095238095238096 0.03125
39 0.7648809523809523 0.20078125 0.039285714285714285 0.0875
39 0.7375 0.1421875 0.058333333333333334 0.1078125
39 0.6607142857142857 0.01015625 0.05714285714285714 0.0203125
39 0.6988095238095238 0.0609375 0.06428571428571428 0.121875