39 0.9571428571428572 0.87421875 0.04285714285714286 0.046875
39 0.4148809523809524 0.134375 0.24166666666666667 0.26875
39 0.5738095238095238 0.33203125 0.15357142857142858 0.19296875
39 0.6803571428571429 0.47109375 0.10535714285714286 0.14375
39 0.7452380952380953 0.571875 0.0869047619047619 0.12109375
39 0.7976190476190477 0.64453125 0.08095238095238096 0.1109375
39 0.8392857142857143 0.71640625 0.05952380952380952 0.08984375
39 0.8827380952380952 0.76953125 0.03571428571428571 0.0796875
39 0.9071428571428571 0.8046875 0.04702380952380952 0.05546875
39 0.9291666666666667 0.8328125 0.02857142857142857 0.0640625
39 0.06845238095238096 0.27265625 0.1363095238095238 0.15078125
39 0.1988095238095238 0.384375 0.1988095238095238 0.20625
39 0.34523809523809523 0.509375 0.1761904761904762 0.171875
39 0.46785714285714286 0.596875 0.10952380952380952 0.14765625
39 0.5517857142857143 0.68671875 0.08928571428571429 0.11484375
39 0.6190476190476191 0.73046875 0.09107142857142857 0.1078125
39 0.680952380952381 0.78203125 0.06666666666666667 0.08125
39 0.7220238095238095 0.8203125 0.06130952380952381 0.08125
39 0.7541666666666667 0.85546875 0.05119047619047619 0.0640625
39 0.7916666666666666 0.8796875 0.04702380952380952 0.05546875
39 0.6345238095238095 0.8875 0.05238095238095238 0.0484375
39 0.0761904761904762 0.55390625 0.15178571428571427 0.15625
39 0.2125 0.6421875 0.14642857142857144 0.1109375
39 0.32202380952380955 0.703125 0.12083333333333333 0.10546875
39 0.41309523809523807 0.75546875 0.0880952380952381 0.096875
39 0.48095238095238096 0.79609375 0.09821428571428571 0.10625
39 0.5392857142857143 0.82421875 0.08095238095238096 0.08515625
39 0.5952380952380952 0.85703125 0.07380952380952381 0.0609375
39 0.027976190476190477 0.6875 0.055357142857142855 0.059375
39 0.10238095238095238 0.72421875 0.14761904761904762 0.08828125
39 0.2119047619047619 0.76484375 0.12797619047619047 0.07265625
39 0.29404761904761906 0.80546875 0.11071428571428571 0.0796875
39 0.375 0.8453125 0.08511904761904762 0.0625
39 0.4351190476190476 0.871875 0.06964285714285715 0.06796875
39 0.48928571428571427 0.89609375 0.06666666666666667 0.05078125
39 0.04523809523809524 0.7953125 0.09047619047619047 0.065625
39 0.12857142857142856 0.828125 0.10952380952380952 0.0625
39 0.29285714285714287 0.88671875 0.09107142857142857 0.05546875
39 0.3464285714285714 0.90625 0.06547619047619048 0.03984375