39 0.7720238095238096 0.36328125 0.22142857142857142 0.3359375
39 0.6327380952380952 0.58515625 0.15833333333333333 0.2140625
39 0.5345238095238095 0.734375 0.11666666666666667 0.146875
39 0.4625 0.82578125 0.0988095238095238 0.121875
39 0.4107142857142857 0.9 0.09047619047619047 0.1140625
39 0.35892857142857143 0.95859375 0.07261904761904762 0.0828125
39 0.32142857142857145 0.99609375 0.06190476190476191 0.0078125
39 0.5666666666666667 0.1171875 0.16904761904761906 0.234375
39 0.48214285714285715 0.29765625 0.14285714285714285 0.2421875
39 0.4244047619047619 0.46484375 0.11904761904761904 0.153125
39 0.3619047619047619 0.58046875 0.09404761904761905 0.125
39 0.3333333333333333 0.671875 0.0880952380952381 0.1265625
39 0.2982142857142857 0.75625 0.06666666666666667 0.0921875
39 0.2720238095238095 0.81328125 0.06547619047619048 0.0859375
39 0.24761904761904763 0.8578125 0.05238095238095238 0.071875
39 0.23154761904761906 0.90859375 0.04642857142857143 0.065625
39 0.2148809523809524 0.703125 0.04047619047619048 0.071875
39 0.43214285714285716 0.0265625 0.12142857142857143 0.053125
39 0.37202380952380953 0.13359375 0.09404761904761905 0.2
39 0.3333333333333333 0.28125 0.08928571428571429 0.165625
39 0.3 0.40390625 0.07976190476190476 0.121875
39 0.27380952380952384 0.49609375 0.0880952380952381 0.1359375
39 0.256547619047619 0.57421875 0.07023809523809524 0.1125
39 0.23511904761904762 0.64921875 0.05119047619047619 0.1015625
39 0.30416666666666664 0.0546875 0.07023809523809524 0.08125
39 0.2785714285714286 0.14140625 0.0630952380952381 0.1734375
39 0.25357142857142856 0.2515625 0.06785714285714285 0.15
39 0.22857142857142856 0.36015625 0.05357142857142857 0.1171875
39 0.2130952380952381 0.440625 0.05714285714285714 0.0953125
39 0.1982142857142857 0.51328125 0.04285714285714286 0.090625
39 0.2261904761904762 0.06640625 0.05238095238095238 0.0890625
39 0.19166666666666668 0.25546875 0.04880952380952381 0.121875
39 0.18035714285714285 0.32734375 0.03571428571428571 0.0890625