7 0.5529761904761905 0.64140625 0.02142857142857143 0.0578125
7 0.5089285714285714 0.4765625 0.011904761904761904 0.0515625
7 0.5023809523809524 0.465625 0.014285714285714285 0.0390625
7 0.5023809523809524 0.60703125 0.016666666666666666 0.0484375
7 0.4922619047619048 0.65546875 0.015476190476190477 0.0609375
7 0.46845238095238095 0.6640625 0.014285714285714285 0.0484375
7 0.49523809523809526 0.6 0.014285714285714285 0.0453125
7 0.48035714285714287 0.5984375 0.016666666666666666 0.0453125
7 0.4880952380952381 0.52265625 0.014285714285714285 0.0359375
7 0.47619047619047616 0.5359375 0.008333333333333333 0.0296875
7 0.4744047619047619 0.409375 0.011904761904761904 0.0359375
7 0.46785714285714286 0.41328125 0.015476190476190477 0.0609375
7 0.4446428571428571 0.37265625 0.010714285714285714 0.0515625
7 0.44047619047619047 0.53671875 0.011904761904761904 0.046875
7 0.45416666666666666 0.58984375 0.016666666666666666 0.0578125
7 0.4238095238095238 0.63125 0.016666666666666666 0.0453125