7 0.5214285714285715 0.028125 0.0380952380952381 0.0515625
7 0.5083333333333333 0.090625 0.04642857142857143 0.0484375
7 0.6005952380952381 0.18671875 0.027976190476190477 0.040625
7 0.6023809523809524 0.2109375 0.04047619047619048 0.021875
7 0.5529761904761905 0.2734375 0.030357142857142857 0.05703125
7 0.5208333333333334 0.28515625 0.0625 0.040625
7 0.5827380952380953 0.42578125 0.05416666666666667 0.04453125
7 0.5833333333333334 0.4609375 0.06011904761904762 0.03359375
7 0.4845238095238095 0.5234375 0.06130952380952381 0.090625
7 0.4398809523809524 0.63828125 0.0625 0.0796875
7 0.3744047619047619 0.6 0.05238095238095238 0.040625
7 0.4041666666666667 0.48203125 0.052976190476190475 0.028125
7 0.37142857142857144 0.44609375 0.034523809523809526 0.040625
7 0.36488095238095236 0.37109375 0.047619047619047616 0.05390625
7 0.4041666666666667 0.34296875 0.025595238095238095 0.059375
7 0.42916666666666664 0.33828125 0.027976190476190477 0.05
7 0.4577380952380952 0.26484375 0.04047619047619048 0.059375
7 0.4005952380952381 0.184375 0.039285714285714285 0.0390625
7 0.40773809523809523 0.146875 0.03333333333333333 0.03125
7 0.42738095238095236 0.184375 0.025595238095238095 0.0390625