7 0.6035714285714285 0.42109375 0.042261904761904764 0.02421875
7 0.48154761904761906 0.48984375 0.039285714285714285 0.01328125
7 0.4738095238095238 0.49921875 0.029166666666666667 0.01640625
7 0.580952380952381 0.4890625 0.03571428571428571 0.01875
7 0.618452380952381 0.49921875 0.04583333333333333 0.01640625
7 0.6267857142857143 0.5296875 0.03571428571428571 0.01484375
7 0.5761904761904761 0.49921875 0.03273809523809524 0.01640625
7 0.5761904761904761 0.51875 0.03273809523809524 0.01875
7 0.5178571428571429 0.5140625 0.02619047619047619 0.01640625
7 0.5291666666666667 0.52890625 0.02261904761904762 0.009375
7 0.43273809523809526 0.53984375 0.02619047619047619 0.01328125
7 0.4363095238095238 0.5484375 0.04583333333333333 0.01484375
7 0.40714285714285714 0.58125 0.039285714285714285 0.0109375
7 0.5321428571428571 0.575 0.03571428571428571 0.01328125
7 0.5714285714285714 0.55390625 0.042261904761904764 0.01875
7 0.6053571428571428 0.590625 0.03273809523809524 0.01875