7 0.8601190476190477 0.51953125 0.04047619047619048 0.0515625
7 0.8119047619047619 0.50390625 0.0380952380952381 0.0625
7 0.7404761904761905 0.6265625 0.030952380952380953 0.0375
7 0.7220238095238095 0.6296875 0.017857142857142856 0.053125
7 0.6738095238095239 0.565625 0.04285714285714286 0.0421875
7 0.6642857142857143 0.5234375 0.03214285714285714 0.08125
7 0.5577380952380953 0.60703125 0.034523809523809526 0.071875
7 0.530952380952381 0.60859375 0.02738095238095238 0.078125
7 0.48214285714285715 0.48046875 0.07023809523809524 0.0828125
7 0.39345238095238094 0.4234375 0.06190476190476191 0.0828125
7 0.42142857142857143 0.33671875 0.03214285714285714 0.06875
7 0.5119047619047619 0.37421875 0.02261904761904762 0.06875
7 0.5386904761904762 0.33046875 0.03214285714285714 0.0453125
7 0.5958333333333333 0.3203125 0.041666666666666664 0.0640625
7 0.6178571428571429 0.371875 0.04523809523809524 0.0359375
7 0.6220238095238095 0.40390625 0.0380952380952381 0.0390625
7 0.6785714285714286 0.440625 0.04642857142857143 0.0546875
7 0.7386904761904762 0.3640625 0.030952380952380953 0.0515625
7 0.7672619047619048 0.37265625 0.023809523809523808 0.04375
7 0.7392857142857143 0.39921875 0.02976190476190476 0.034375