39 0.8345238095238096 0.4015625 0.030952380952380953 0.05
39 0.799404761904762 0.4078125 0.030952380952380953 0.046875
39 0.7636904761904761 0.0703125 0.04285714285714286 0.096875
39 0.643452380952381 0.02578125 0.030952380952380953 0.0359375
39 0.7934523809523809 0.7859375 0.023809523809523808 0.046875
39 0.8261904761904761 0.8265625 0.02976190476190476 0.0453125
39 0.8559523809523809 0.8671875 0.030952380952380953 0.046875
39 0.7779761904761905 0.415625 0.02619047619047619 0.0484375
39 0.7547619047619047 0.41953125 0.02976190476190476 0.0453125
39 0.7351190476190477 0.13046875 0.03214285714285714 0.04375
39 0.7071428571428572 0.19921875 0.03333333333333333 0.0390625
39 0.7226190476190476 0.15625 0.03214285714285714 0.053125
39 0.6892857142857143 0.234375 0.02857142857142857 0.04375
39 0.638095238095238 0.0578125 0.023809523809523808 0.034375
39 0.6345238095238095 0.09375 0.017857142857142856 0.025
39 0.6327380952380952 0.1140625 0.023809523809523808 0.0265625
39 0.7702380952380953 0.7453125 0.02738095238095238 0.0359375
39 0.7583333333333333 0.728125 0.025 0.0296875
39 0.7476190476190476 0.71328125 0.02261904761904762 0.0296875