39 0.17857142857142858 0.91796875 0.04047619047619048 0.0421875
39 0.20595238095238094 0.87734375 0.025 0.0375
39 0.2369047619047619 0.82578125 0.034523809523809526 0.0453125
39 0.2505952380952381 0.78671875 0.02857142857142857 0.0375
39 0.2642857142857143 0.765625 0.016666666666666666 0.025
39 0.16071428571428573 0.45859375 0.034523809523809526 0.0265625
39 0.19107142857142856 0.46171875 0.034523809523809526 0.0265625
39 0.20714285714285716 0.46328125 0.03333333333333333 0.0296875
39 0.23809523809523808 0.46953125 0.030952380952380953 0.028125
39 0.25892857142857145 0.46953125 0.025 0.01875
39 0.28809523809523807 0.26484375 0.02738095238095238 0.0375
39 0.26904761904761904 0.234375 0.030952380952380953 0.0375
39 0.25 0.2015625 0.03333333333333333 0.0390625
39 0.23154761904761906 0.16796875 0.02857142857142857 0.034375
39 0.1988095238095238 0.109375 0.03333333333333333 0.034375
39 0.16547619047619047 0.03359375 0.02619047619047619 0.046875
39 0.3 0.015625 0.02619047619047619 0.03125
39 0.31607142857142856 0.0484375 0.025 0.03125
39 0.32083333333333336 0.08828125 0.02857142857142857 0.034375
39 0.32976190476190476 0.11171875 0.02261904761904762 0.015625
39 0.3333333333333333 0.1359375 0.02142857142857143 0.0328125
39 0.2625 0.47109375 0.02619047619047619 0.021875