39 0.5023809523809524 0.05 0.03273809523809524 0.03125
39 0.4988095238095238 0.09609375 0.030952380952380953 0.0328125
39 0.24047619047619048 0.06640625 0.06964285714285715 0.03671875
39 0.18214285714285713 0.009375 0.03273809523809524 0.01875
39 0.03571428571428571 0.12578125 0.0625 0.046875
39 0.0869047619047619 0.16171875 0.04285714285714286 0.03671875
39 0.14583333333333334 0.19140625 0.026785714285714284 0.03828125
39 0.18035714285714285 0.21015625 0.02261904761904762 0.034375
39 0.7785714285714286 0.1890625 0.033928571428571426 0.02265625
39 0.8160714285714286 0.15625 0.02976190476190476 0.03125
39 0.8523809523809524 0.12734375 0.030952380952380953 0.0328125
39 0.9154761904761904 0.0921875 0.05238095238095238 0.03984375
39 0.5 0.12578125 0.033928571428571426 0.02421875
39 0.4976190476190476 0.15625 0.02976190476190476 0.03125
39 0.2785714285714286 0.11640625 0.02857142857142857 0.034375
39 0.32321428571428573 0.1671875 0.024404761904761905 0.03828125
39 0.29464285714285715 0.13828125 0.03571428571428571 0.0328125
39 0.34523809523809523 0.1984375 0.02857142857142857 0.0296875
39 0.20297619047619048 0.22421875 0.02261904761904762 0.02578125
39 0.22857142857142856 0.23671875 0.017261904761904763 0.01875
39 0.24345238095238095 0.24375 0.015476190476190477 0.02734375
39 0.7428571428571429 0.209375 0.02261904761904762 0.0296875
39 0.7273809523809524 0.22109375 0.017261904761904763 0.02734375
39 0.7142857142857143 0.23125 0.019642857142857142 0.02578125