39 0.08928571428571429 0.0890625 0.048214285714285716 0.04375
39 0.1494047619047619 0.12421875 0.02857142857142857 0.05
39 0.18333333333333332 0.15546875 0.025595238095238095 0.0296875
39 0.2255952380952381 0.190625 0.030952380952380953 0.03984375
39 0.256547619047619 0.2046875 0.026785714285714284 0.034375
39 0.27440476190476193 0.2203125 0.017261904761904763 0.01953125
39 0.007738095238095238 0.021875 0.015476190476190477 0.0375
39 0.49583333333333335 0.053125 0.017261904761904763 0.04375
39 0.49702380952380953 0.09296875 0.017261904761904763 0.04375
39 0.49702380952380953 0.1140625 0.019642857142857142 0.04140625
39 0.49583333333333335 0.1546875 0.019642857142857142 0.03671875
39 0.4976190476190476 0.18203125 0.0125 0.03125
39 0.655952380952381 0.1984375 0.025595238095238095 0.0328125
39 0.6773809523809524 0.17109375 0.025595238095238095 0.03828125
39 0.7 0.1421875 0.025595238095238095 0.03984375
39 0.7238095238095238 0.11484375 0.024404761904761905 0.034375
39 0.7642857142857142 0.06640625 0.02261904761904762 0.04140625
39 0.8184523809523809 0.01484375 0.033928571428571426 0.0296875
39 0.9565476190476191 0.134375 0.05 0.0328125
39 0.9148809523809524 0.15546875 0.04285714285714286 0.0296875
39 0.8577380952380952 0.1875 0.04523809523809524 0.028125
39 0.8232142857142857 0.2125 0.02142857142857143 0.0296875
39 0.7934523809523809 0.2234375 0.024404761904761905 0.03515625
39 0.7761904761904762 0.2375 0.01011904761904762 0.028125
39 0.7583333333333333 0.24453125 0.02261904761904762 0.02578125
39 0.49702380952380953 0.18671875 0.014285714285714285 0.0328125