31 0.8779761904761905 0.5546875 0.24345238095238095 0.26015625
31 0.6886904761904762 0.6703125 0.24702380952380953 0.29296875
31 0.49047619047619045 0.6375 0.14047619047619048 0.2125
31 0.25892857142857145 0.6546875 0.1869047619047619 0.14453125
31 0.10773809523809524 0.56484375 0.17202380952380952 0.13671875
31 0.21369047619047618 0.40703125 0.11428571428571428 0.14296875
31 0.3952380952380952 0.534375 0.1357142857142857 0.1296875
31 0.31607142857142856 0.459375 0.13035714285714287 0.125
31 0.33630952380952384 0.35078125 0.09226190476190477 0.1203125
31 0.4255952380952381 0.42265625 0.08571428571428572 0.1203125
31 0.5488095238095239 0.37890625 0.12797619047619047 0.153125
31 0.6339285714285714 0.43984375 0.14107142857142857 0.14296875