31 0.5851190476190476 0.0953125 0.2130952380952381 0.190625
31 0.6547619047619048 0.278125 0.25595238095238093 0.3625
31 0.6023809523809524 0.53125 0.17976190476190476 0.2125
31 0.5833333333333334 0.83515625 0.13452380952380952 0.2625
31 0.5 0.9484375 0.11428571428571428 0.103125
31 0.3898809523809524 0.859375 0.12380952380952381 0.16875
31 0.5113095238095238 0.640625 0.11666666666666667 0.19375
31 0.444047619047619 0.73359375 0.1130952380952381 0.1875
31 0.36488095238095236 0.6921875 0.10357142857142858 0.1375
31 0.43154761904761907 0.5859375 0.10238095238095238 0.128125
31 0.4154761904761905 0.41953125 0.13333333333333333 0.1890625
31 0.4732142857142857 0.3171875 0.12857142857142856 0.203125