3 0.34285714285714286 0.8625 0.3821428571428571 0.171875
3 0.3416666666666667 0.74375 0.3869047619047619 0.159375
3 0.34226190476190477 0.63984375 0.39285714285714285 0.14375
3 0.3464285714285714 0.53046875 0.37023809523809526 0.14375
3 0.3482142857142857 0.4140625 0.4107142857142857 0.175
3 0.3529761904761905 0.30546875 0.37142857142857144 0.1578125
3 0.3630952380952381 0.1984375 0.3678571428571429 0.1703125
3 0.38095238095238093 0.08125 0.37857142857142856 0.1453125
3 0.3767857142857143 0.02109375 0.3630952380952381 0.0421875
3 0.5982142857142857 0.93828125 0.24166666666666667 0.1234375
3 0.5964285714285714 0.86953125 0.2785714285714286 0.2609375
3 0.6089285714285714 0.7484375 0.2523809523809524 0.24375
3 0.6196428571428572 0.6296875 0.23809523809523808 0.25
3 0.6202380952380953 0.5109375 0.23452380952380952 0.2015625
3 0.6285714285714286 0.37734375 0.275 0.2359375
3 0.6303571428571428 0.25625 0.25952380952380955 0.25
3 0.6297619047619047 0.1515625 0.2511904761904762 0.209375
3 0.6375 0.05859375 0.2488095238095238 0.115625