3 0.21369047619047618 0.31953125 0.10416666666666667 0.49453125
3 0.30357142857142855 0.309375 0.09464285714285714 0.5
3 0.3827380952380952 0.303125 0.08214285714285714 0.51015625
3 0.4660714285714286 0.30078125 0.08452380952380953 0.4796875
3 0.5547619047619048 0.2953125 0.10535714285714286 0.53046875
3 0.6375 0.29375 0.09464285714285714 0.4796875
3 0.7196428571428571 0.3 0.10416666666666667 0.475
3 0.8101190476190476 0.31484375 0.08452380952380953 0.49140625
3 0.8922619047619048 0.30546875 0.08214285714285714 0.475
3 0.12797619047619047 0.6609375 0.16666666666666666 0.31015625
3 0.2244047619047619 0.65234375 0.18273809523809523 0.35078125
3 0.319047619047619 0.66015625 0.16845238095238096 0.3171875
3 0.4095238095238095 0.665625 0.175 0.296875
3 0.5 0.6578125 0.1386904761904762 0.2953125
3 0.6023809523809524 0.659375 0.1619047619047619 0.34765625
3 0.6946428571428571 0.65390625 0.1732142857142857 0.325
3 0.7738095238095238 0.6453125 0.14345238095238094 0.3171875
3 0.8946428571428572 0.65 0.17083333333333334 0.3203125