1 0.9380952380952381 0.70546875 0.09345238095238095 0.38125
1 0.8291666666666667 0.69609375 0.1005952380952381 0.36328125
1 0.7142857142857143 0.6875 0.1005952380952381 0.39296875
1 0.5970238095238095 0.69921875 0.11369047619047619 0.39296875
1 0.4880952380952381 0.684375 0.10714285714285714 0.38125
1 0.2773809523809524 0.69921875 0.1005952380952381 0.35703125
1 0.3863095238095238 0.70234375 0.0869047619047619 0.36875
1 0.1636904761904762 0.70234375 0.11011904761904762 0.36875
1 0.05178571428571429 0.690625 0.10357142857142858 0.35703125
1 0.06190476190476191 0.2265625 0.11011904761904762 0.375
1 0.16904761904761906 0.23515625 0.11726190476190476 0.36328125
1 0.28273809523809523 0.2265625 0.10357142857142858 0.38671875
1 0.39464285714285713 0.22890625 0.10357142857142858 0.3390625
1 0.5083333333333333 0.24140625 0.11011904761904762 0.36328125
1 0.618452380952381 0.23828125 0.10357142857142858 0.36328125
1 0.7291666666666666 0.23515625 0.11011904761904762 0.375
1 0.9482142857142857 0.2265625 0.09047619047619047 0.375
1 0.8392857142857143 0.24140625 0.10357142857142858 0.3515625