1 0.05892857142857143 0.4390625 0.11785714285714285 0.4
1 0.14464285714285716 0.4140625 0.16547619047619047 0.384375
1 0.2577380952380952 0.3859375 0.17023809523809524 0.4140625
1 0.36904761904761907 0.3375 0.18333333333333332 0.41875
1 0.4773809523809524 0.3171875 0.1738095238095238 0.4046875
1 0.6791666666666667 0.2359375 0.1630952380952381 0.378125
1 0.5732142857142857 0.2671875 0.1523809523809524 0.3859375
1 0.7892857142857143 0.196875 0.1738095238095238 0.3921875
1 0.9 0.18046875 0.16666666666666666 0.3609375
1 0.944047619047619 0.62578125 0.11190476190476191 0.3984375
1 0.8696428571428572 0.6515625 0.17976190476190476 0.390625
1 0.7613095238095238 0.69609375 0.17142857142857143 0.409375
1 0.6523809523809524 0.7296875 0.1630952380952381 0.3625
1 0.5392857142857143 0.75390625 0.1738095238095238 0.3875
1 0.43333333333333335 0.79140625 0.16785714285714284 0.384375
1 0.3261904761904762 0.81484375 0.1761904761904762 0.3703125
1 0.11547619047619048 0.85546875 0.15714285714285714 0.2890625
1 0.21845238095238095 0.8359375 0.16547619047619047 0.328125