28 0.05357142857142857 0.4921875 0.08511904761904762 0.86484375
28 0.14523809523809525 0.48046875 0.07976190476190476 0.82578125
28 0.2375 0.4765625 0.07738095238095238 0.85703125
28 0.325 0.49609375 0.07976190476190476 0.87265625
28 0.41904761904761906 0.49609375 0.08273809523809524 0.896875
28 0.5047619047619047 0.51171875 0.07976190476190476 0.9046875
28 0.594047619047619 0.484375 0.07261904761904762 0.87265625
28 0.6839285714285714 0.5 0.0875 0.88125
28 0.7714285714285715 0.48828125 0.08511904761904762 0.8890625
28 0.8601190476190477 0.48828125 0.07976190476190476 0.85703125
28 0.95 0.4765625 0.075 0.87265625