39 0.7196428571428571 0.02265625 0.055952380952380955 0.0453125
39 0.7404761904761905 0.1203125 0.039285714285714285 0.0890625
39 0.7488095238095238 0.20546875 0.03571428571428571 0.046875
39 0.7648809523809523 0.25546875 0.04047619047619048 0.0484375
39 0.7678571428571429 0.30390625 0.01904761904761905 0.04375
39 0.9595238095238096 0.2515625 0.03571428571428571 0.053125
39 0.5107142857142857 0.28515625 0.04880952380952381 0.05
39 0.555952380952381 0.32890625 0.041666666666666664 0.0453125
39 0.5928571428571429 0.3578125 0.02857142857142857 0.0390625
39 0.6113095238095239 0.37890625 0.034523809523809526 0.046875
39 0.5 0.43671875 0.039285714285714285 0.0296875
39 0.43392857142857144 0.40859375 0.04285714285714286 0.0453125
39 0.3761904761904762 0.38828125 0.041666666666666664 0.0421875
39 0.3053571428571429 0.3609375 0.05714285714285714 0.0578125
39 0.19702380952380952 0.31953125 0.08452380952380953 0.0875
39 0.05476190476190476 0.271875 0.10476190476190476 0.0828125
39 0.01130952380952381 0.3578125 0.02261904761904762 0.075
39 0.10535714285714286 0.4046875 0.08452380952380953 0.0609375
39 0.2119047619047619 0.42109375 0.07976190476190476 0.0578125
39 0.2785714285714286 0.43515625 0.07857142857142857 0.05
39 0.3351190476190476 0.45234375 0.05238095238095238 0.0484375
39 0.38392857142857145 0.4625 0.04880952380952381 0.04375
39 0.41904761904761906 0.4734375 0.04523809523809524 0.05
39 0.31607142857142856 0.4984375 0.041666666666666664 0.0359375
39 0.2130952380952381 0.4828125 0.055952380952380955 0.040625
39 0.1363095238095238 0.47890625 0.05952380952380952 0.0578125
39 0.04523809523809524 0.47265625 0.09047619047619047 0.0546875
39 0.020833333333333332 0.5109375 0.041666666666666664 0.0375
39 0.09345238095238095 0.51875 0.058333333333333334 0.0421875
39 0.1625 0.51484375 0.055952380952380955 0.0453125
39 0.2113095238095238 0.52109375 0.04047619047619048 0.0390625
39 0.2571428571428571 0.528125 0.03571428571428571 0.046875
39 0.29345238095238096 0.52421875 0.03571428571428571 0.0296875
39 0.3327380952380952 0.53125 0.04642857142857143 0.0375
39 0.41904761904761906 0.50703125 0.02857142857142857 0.028125
39 0.7726190476190476 0.3609375 0.02023809523809524 0.028125
39 0.9279761904761905 0.321875 0.02857142857142857 0.028125
39 0.9369047619047619 0.296875 0.0380952380952381 0.046875
39 0.9107142857142857 0.34453125 0.03333333333333333 0.028125