39 0.7952380952380952 0.63515625 0.06666666666666667 0.090625
39 0.7136904761904762 0.5328125 0.06547619047619048 0.065625
39 0.6583333333333333 0.45078125 0.04642857142857143 0.0578125
39 0.6255952380952381 0.4 0.041666666666666664 0.0359375
39 0.6892857142857143 0.121875 0.060714285714285714 0.028125
39 0.7511904761904762 0.13359375 0.05357142857142857 0.046875
39 0.8553571428571428 0.13046875 0.07261904761904762 0.06875
39 0.7363095238095239 0.9828125 0.041666666666666664 0.034375
39 0.6755952380952381 0.85703125 0.034523809523809526 0.125
39 0.6345238095238095 0.971875 0.02619047619047619 0.05625
39 0.6297619047619047 0.734375 0.0380952380952381 0.096875
39 0.5988095238095238 0.875 0.030952380952380953 0.0859375
39 0.5827380952380953 0.778125 0.02023809523809524 0.0578125
39 0.5607142857142857 0.7046875 0.014285714285714285 0.04375
39 0.5761904761904761 0.5828125 0.023809523809523808 0.0546875
39 0.5619047619047619 0.52421875 0.02738095238095238 0.0515625
39 0.5107142857142857 0.6421875 0.02738095238095238 0.0265625
39 0.5047619047619047 0.6109375 0.02976190476190476 0.0328125
39 0.525 0.74453125 0.015476190476190477 0.046875
39 0.5517857142857143 0.87109375 0.02261904761904762 0.0609375
39 0.5410714285714285 0.79375 0.025 0.0546875
39 0.5791666666666667 0.7796875 0.02142857142857143 0.0765625
39 0.531547619047619 0.940625 0.02738095238095238 0.059375
39 0.5666666666666667 0.9625 0.02857142857142857 0.075