39 0.7833333333333333 0.05 0.042261904761904764 0.1
39 0.7869047619047619 0.18046875 0.02857142857142857 0.08515625
39 0.7839285714285714 0.26640625 0.030952380952380953 0.04140625
39 0.7934523809523809 0.31953125 0.03571428571428571 0.03984375
39 0.7898809523809524 0.36796875 0.014285714285714285 0.03984375
39 0.9851190476190477 0.36015625 0.02976190476190476 0.046875
39 0.5392857142857143 0.290625 0.04404761904761905 0.04140625
39 0.5779761904761904 0.34453125 0.036904761904761905 0.03828125
39 0.6101190476190477 0.38125 0.024404761904761905 0.03515625
39 0.6255952380952381 0.40625 0.02976190476190476 0.03984375
39 0.5083333333333333 0.4375 0.036904761904761905 0.02265625
39 0.44702380952380955 0.3953125 0.0380952380952381 0.03828125
39 0.39285714285714285 0.36171875 0.0380952380952381 0.03515625
39 0.3267857142857143 0.31875 0.05119047619047619 0.046875
39 0.2255952380952381 0.253125 0.07678571428571429 0.07109375
39 0.09166666666666666 0.17421875 0.09821428571428571 0.0609375
39 0.02261904761904762 0.24609375 0.04523809523809524 0.065625
39 0.12380952380952381 0.31640625 0.07976190476190476 0.04375
39 0.22678571428571428 0.35703125 0.075 0.04140625
39 0.2904761904761905 0.3859375 0.075 0.0328125
39 0.34404761904761905 0.415625 0.048214285714285716 0.03828125
39 0.3904761904761905 0.43671875 0.04523809523809524 0.03515625
39 0.4238095238095238 0.45546875 0.04107142857142857 0.04140625
39 0.319047619047619 0.45625 0.0380952380952381 0.028125
39 0.21964285714285714 0.41796875 0.05238095238095238 0.0296875
39 0.14464285714285716 0.39609375 0.05416666666666667 0.0453125
39 0.052976190476190475 0.36875 0.09523809523809523 0.0328125
39 0.024404761904761905 0.4015625 0.04285714285714286 0.02734375
39 0.09702380952380953 0.42578125 0.055357142857142855 0.0296875
39 0.16547619047619047 0.4375 0.05238095238095238 0.034375
39 0.2130952380952381 0.4546875 0.036904761904761905 0.03125
39 0.2571428571428571 0.47265625 0.030952380952380953 0.04140625
39 0.29345238095238096 0.4765625 0.03273809523809524 0.02109375
39 0.33095238095238094 0.49296875 0.04285714285714286 0.028125
39 0.41964285714285715 0.48828125 0.026785714285714284 0.02109375
39 0.7869047619047619 0.425 0.017261904761904763 0.02578125
39 0.9452380952380952 0.421875 0.026785714285714284 0.02265625
39 0.9571428571428572 0.39921875 0.033928571428571426 0.03984375
39 0.925 0.440625 0.030952380952380953 0.02265625