39 0.5928571428571429 0.1078125 0.06666666666666667 0.08515625
39 0.5172619047619048 0.21875 0.048214285714285716 0.08515625
39 0.45714285714285713 0.29375 0.04285714285714286 0.059375
39 0.41964285714285715 0.3390625 0.026785714285714284 0.05234375
39 0.20535714285714285 0.26484375 0.018452380952380953 0.078125
39 0.2125 0.18359375 0.03273809523809524 0.06953125
39 0.20595238095238094 0.046875 0.05 0.09375
39 0.01904761904761905 0.36640625 0.0375 0.0421875
39 0.04880952380952381 0.4078125 0.026785714285714284 0.05703125
39 0.8964285714285715 0.17109375 0.09642857142857143 0.05234375
39 0.7654761904761904 0.25703125 0.09404761904761905 0.03984375
39 0.8714285714285714 0.30625 0.07261904761904762 0.0328125
39 0.6738095238095239 0.321875 0.07261904761904762 0.046875
39 0.7821428571428571 0.35703125 0.06369047619047619 0.03828125
39 0.7089285714285715 0.38203125 0.04285714285714286 0.02578125
39 0.6535714285714286 0.41328125 0.033928571428571426 0.0171875
39 0.5601190476190476 0.396875 0.04107142857142857 0.0296875
39 0.5160714285714286 0.41796875 0.0380952380952381 0.034375
39 0.6077380952380952 0.48125 0.019642857142857142 0.034375
39 0.5845238095238096 0.48984375 0.024404761904761905 0.03671875
39 0.6851190476190476 0.45859375 0.03571428571428571 0.01953125
39 0.780952380952381 0.41875 0.04523809523809524 0.028125
39 0.7220238095238095 0.4359375 0.04107142857142857 0.03125
39 0.7101190476190476 0.38671875 0.05654761904761905 0.02578125
39 0.8345238095238096 0.44296875 0.04404761904761905 0.034375
39 0.8517857142857143 0.39609375 0.058333333333333334 0.034375
39 0.9351190476190476 0.36171875 0.058333333333333334 0.02734375
39 0.9738095238095238 0.40546875 0.05238095238095238 0.03515625