27 0.8351190476190476 0.2453125 0.10357142857142858 0.128125
27 0.7244047619047619 0.51875 0.09761904761904762 0.1515625
27 0.7505952380952381 0.390625 0.060714285714285714 0.0828125
27 0.655952380952381 0.36875 0.04404761904761905 0.075
27 0.6922619047619047 0.33359375 0.05476190476190476 0.09375
27 0.7089285714285715 0.23046875 0.06190476190476191 0.1
27 0.7625 0.17421875 0.058333333333333334 0.09375
27 0.7910714285714285 0.0796875 0.06190476190476191 0.10625
27 0.8458333333333333 0.13359375 0.09642857142857143 0.1328125
27 0.9476190476190476 0.375 0.06904761904761905 0.090625
27 0.9452380952380952 0.4625 0.06428571428571428 0.1359375
27 0.8839285714285714 0.59609375 0.08928571428571429 0.1140625
27 0.47619047619047616 0.86640625 0.17142857142857143 0.2234375
27 0.5803571428571429 0.62109375 0.0988095238095238 0.1265625
27 0.8779761904761905 0.73671875 0.14166666666666666 0.184375
27 0.7660714285714286 0.90234375 0.15476190476190477 0.1609375
27 0.518452380952381 0.34609375 0.07857142857142857 0.090625
27 0.37797619047619047 0.69609375 0.0988095238095238 0.1265625
27 0.3244047619047619 0.7875 0.10714285714285714 0.140625
27 0.07976190476190476 0.73515625 0.1357142857142857 0.2375
27 0.25 0.55546875 0.09047619047619047 0.184375
27 0.11726190476190476 0.1984375 0.08571428571428572 0.178125