27 0.8476190476190476 0.2765625 0.09702380952380953 0.11875
27 0.7226190476190476 0.5390625 0.09047619047619047 0.14296875
27 0.7559523809523809 0.4140625 0.05714285714285714 0.07734375
27 0.6625 0.38359375 0.03988095238095238 0.07109375
27 0.700595238095238 0.3515625 0.05 0.0890625
27 0.7226190476190476 0.25 0.05714285714285714 0.0953125
27 0.7791666666666667 0.19921875 0.05357142857142857 0.0890625
27 0.8125 0.10703125 0.05714285714285714 0.1015625
27 0.8642857142857143 0.16640625 0.09047619047619047 0.125
27 0.9529761904761904 0.41640625 0.06369047619047619 0.08359375
27 0.9464285714285714 0.503125 0.05714285714285714 0.13125
27 0.8779761904761905 0.63125 0.08333333333333333 0.10703125
27 0.45654761904761904 0.86328125 0.16071428571428573 0.20859375
27 0.5738095238095238 0.628125 0.09345238095238095 0.11875
27 0.8642857142857143 0.77109375 0.13392857142857142 0.17265625
27 0.7440476190476191 0.92578125 0.14702380952380953 0.1484375
27 0.5267857142857143 0.3484375 0.07380952380952381 0.08359375
27 0.3678571428571429 0.684375 0.09345238095238095 0.11875
27 0.30952380952380953 0.77109375 0.1005952380952381 0.13125
27 0.06845238095238096 0.69609375 0.12380952380952381 0.2265625
27 0.24761904761904763 0.5328125 0.08035714285714286 0.17890625
27 0.13392857142857142 0.1640625 0.07678571428571429 0.17265625