1 0.718452380952381 0.18828125 0.305952380952381 0.3765625
1 0.8303571428571429 0.62578125 0.1523809523809524 0.5
1 0.7017857142857142 0.7484375 0.3678571428571429 0.496875
1 0.5452380952380952 0.8453125 0.28095238095238095 0.309375
1 0.381547619047619 0.93125 0.24404761904761904 0.1375
1 0.28214285714285714 0.7515625 0.12738095238095237 0.328125
1 0.35595238095238096 0.6265625 0.18214285714285713 0.4125
1 0.47619047619047616 0.45078125 0.25833333333333336 0.5734375
1 0.20952380952380953 0.5046875 0.1523809523809524 0.24375
1 0.2517857142857143 0.35859375 0.15833333333333333 0.3984375
1 0.3410714285714286 0.13984375 0.2154761904761905 0.2671875
1 0.5208333333333334 0.05546875 0.16547619047619047 0.1109375
1 0.15476190476190477 0.21875 0.1357142857142857 0.371875