1 0.7803571428571429 0.815625 0.39107142857142857 0.36875
1 0.3755952380952381 0.92109375 0.37083333333333335 0.1578125
1 0.27380952380952384 0.74296875 0.39107142857142857 0.44453125
1 0.18392857142857144 0.52890625 0.3130952380952381 0.3453125
1 0.1255952380952381 0.30703125 0.19702380952380952 0.31015625
1 0.3279761904761905 0.19296875 0.24166666666666667 0.140625
1 0.4166666666666667 0.30078125 0.30297619047619045 0.2046875
1 0.5392857142857143 0.4734375 0.41845238095238096 0.2921875
1 0.5220238095238096 0.11953125 0.1732142857142857 0.18125
1 0.6291666666666667 0.1875 0.2922619047619048 0.17578125
1 0.8267857142857142 0.32421875 0.2654761904761905 0.26328125
1 0.8994047619047619 0.5671875 0.2005952380952381 0.21015625
1 0.7636904761904761 0.0734375 0.31607142857142856 0.14609375