39 0.3047619047619048 0.16875 0.03273809523809524 0.13671875
39 0.555952380952381 0.30859375 0.04702380952380952 0.09375
39 0.743452380952381 0.3703125 0.05238095238095238 0.0609375
39 0.8791666666666667 0.38359375 0.0625 0.06796875
39 0.48214285714285715 0.50390625 0.02976190476190476 0.05234375
39 0.32261904761904764 0.41640625 0.02857142857142857 0.059375
39 0.325 0.52890625 0.025595238095238095 0.046875
39 0.4517857142857143 0.596875 0.019642857142857142 0.04296875
39 0.55 0.6015625 0.02857142857142857 0.02734375
39 0.6166666666666667 0.52265625 0.03988095238095238 0.0453125
39 0.9696428571428571 0.4171875 0.055357142857142855 0.03515625