39 0.35714285714285715 0.875 0.05357142857142857 0.140625
39 0.33690476190476193 0.6203125 0.04404761904761905 0.08125
39 0.3273809523809524 0.5140625 0.0380952380952381 0.065625
39 0.31607142857142856 0.4171875 0.017857142857142856 0.0421875
39 0.4369047619047619 0.41796875 0.03571428571428571 0.046875
39 0.4886904761904762 0.50859375 0.05476190476190476 0.08125
39 0.5869047619047619 0.66640625 0.06190476190476191 0.1125
39 0.7505952380952381 0.56640625 0.07738095238095238 0.096875
39 0.8922619047619048 0.5171875 0.07023809523809524 0.0828125
39 0.9630952380952381 0.46640625 0.05952380952380952 0.053125
39 0.6172619047619048 0.446875 0.06428571428571428 0.0625
39 0.5351190476190476 0.38828125 0.03571428571428571 0.05
39 0.6309523809523809 0.36875 0.041666666666666664 0.0484375
39 0.3982142857142857 0.353125 0.02619047619047619 0.0390625