39 0.2494047619047619 0.240625 0.05714285714285714 0.14375
39 0.5190476190476191 0.296875 0.0630952380952381 0.10625
39 0.7125 0.296875 0.06190476190476191 0.075
39 0.8464285714285714 0.26640625 0.07261904761904762 0.0859375
39 0.48333333333333334 0.509375 0.0380952380952381 0.0609375
39 0.3125 0.475 0.0380952380952381 0.0671875
39 0.3357142857142857 0.58359375 0.034523809523809526 0.053125
39 0.4708333333333333 0.609375 0.02619047619047619 0.0484375
39 0.5672619047619047 0.5828125 0.03333333333333333 0.0359375
39 0.6172619047619048 0.48515625 0.047619047619047616 0.05625
39 0.9404761904761905 0.2703125 0.05952380952380952 0.05