39 0.6946428571428571 0.16796875 0.033928571428571426 0.13359375
39 0.6773809523809524 0.42265625 0.033928571428571426 0.075
39 0.6714285714285714 0.5296875 0.02976190476190476 0.059375
39 0.6684523809523809 0.62734375 0.0125 0.04140625
39 0.55 0.59609375 0.030952380952380953 0.04140625
39 0.5125 0.49453125 0.04523809523809524 0.07109375
39 0.4386904761904762 0.31484375 0.048214285714285716 0.10390625
39 0.2636904761904762 0.371875 0.06666666666666667 0.08203125
39 0.11726190476190476 0.38515625 0.06130952380952381 0.06796875
39 0.04047619047619048 0.4171875 0.055357142857142855 0.04140625
39 0.3773809523809524 0.52265625 0.058333333333333334 0.0484375
39 0.4494047619047619 0.60078125 0.02976190476190476 0.04296875
39 0.3523809523809524 0.59609375 0.036904761904761905 0.04140625
39 0.5785714285714286 0.66953125 0.02142857142857143 0.03515625