28 0.04702380952380952 0.43828125 0.0625 0.76953125
28 0.1386904761904762 0.4734375 0.06964285714285715 0.87578125
28 0.22678571428571428 0.46875 0.058333333333333334 0.82265625
28 0.31547619047619047 0.4421875 0.07142857142857142 0.8140625
28 0.4119047619047619 0.41171875 0.0625 0.7609375
28 0.4988095238095238 0.425 0.06726190476190476 0.77890625
28 0.5964285714285714 0.41171875 0.06726190476190476 0.74375
28 0.6821428571428572 0.45546875 0.058333333333333334 0.82265625
28 0.7732142857142857 0.40234375 0.055952380952380955 0.734375
28 0.8601190476190477 0.446875 0.058333333333333334 0.82265625
28 0.9541666666666667 0.5 0.06964285714285715 0.91171875