28 0.05773809523809524 0.521875 0.11547619047619048 0.771875
28 0.1392857142857143 0.53984375 0.16071428571428573 0.8796875
28 0.2261904761904762 0.51875 0.14523809523809525 0.825
28 0.3113095238095238 0.4765625 0.15714285714285714 0.81875
28 0.4035714285714286 0.42890625 0.14166666666666666 0.7640625
28 0.49107142857142855 0.42578125 0.1488095238095238 0.7828125
28 0.5863095238095238 0.3953125 0.14523809523809525 0.7484375
28 0.6755952380952381 0.42265625 0.14523809523809525 0.825
28 0.7595238095238095 0.3609375 0.13333333333333333 0.721875
28 0.8511904761904762 0.396875 0.14523809523809525 0.79375
28 0.9333333333333333 0.4375 0.13333333333333333 0.875