28 0.5827380952380953 0.87890625 0.08511904761904762 0.21171875
28 0.6755952380952381 0.46640625 0.11607142857142858 0.221875
28 0.5077380952380952 0.765625 0.07738095238095238 0.26796875
28 0.843452380952381 0.65234375 0.06964285714285715 0.20625
28 0.6619047619047619 0.75546875 0.12738095238095237 0.18046875
28 0.8184523809523809 0.9046875 0.12380952380952381 0.14921875
28 0.44226190476190474 0.9484375 0.18154761904761904 0.09765625
28 0.14107142857142857 0.7703125 0.11964285714285715 0.09765625
28 0.30892857142857144 0.18828125 0.1392857142857143 0.103125
28 0.6041666666666666 0.265625 0.12738095238095237 0.09296875
28 0.49047619047619045 0.559375 0.1738095238095238 0.0828125
28 0.39404761904761904 0.74453125 0.12738095238095237 0.103125
28 0.8511904761904762 0.178125 0.1392857142857143 0.11328125