28 0.5928571428571429 0.875 0.09166666666666666 0.215625
28 0.674404761904762 0.45859375 0.12261904761904761 0.2265625
28 0.5148809523809523 0.76484375 0.08452380952380953 0.271875
28 0.8470238095238095 0.63671875 0.075 0.209375
28 0.6684523809523809 0.74765625 0.13214285714285715 0.1875
28 0.8291666666666667 0.88984375 0.12738095238095237 0.15625
28 0.45357142857142857 0.94921875 0.18333333333333332 0.1015625
28 0.14821428571428572 0.78671875 0.12142857142857143 0.1015625
28 0.3005952380952381 0.196875 0.14166666666666666 0.109375
28 0.5976190476190476 0.2609375 0.12976190476190477 0.1
28 0.4922619047619048 0.56015625 0.1761904761904762 0.090625
28 0.4005952380952381 0.74921875 0.12976190476190477 0.109375
28 0.8422619047619048 0.1625 0.14166666666666666 0.11875