39 0.375 0.4265625 0.0625 0.015625
39 0.2511904761904762 0.48671875 0.05952380952380952 0.015625
39 0.15535714285714286 0.4625 0.05238095238095238 0.015625
39 0.34404761904761905 0.51171875 0.05654761904761905 0.01953125
39 0.6666666666666666 0.5328125 0.04702380952380952 0.01953125
39 0.8166666666666667 0.5875 0.036904761904761905 0.015625
39 0.7821428571428571 0.57578125 0.04107142857142857 0.015625
39 0.7458333333333333 0.56640625 0.03988095238095238 0.015625
39 0.9404761904761905 0.24375 0.11666666666666667 0.0296875
39 0.6494047619047619 0.38359375 0.08214285714285714 0.028125
39 0.9755952380952381 0.3359375 0.048214285714285716 0.0375