23 0.3613095238095238 0.178125 0.14285714285714285 0.1765625
23 0.018452380952380953 0.56640625 0.03333333333333333 0.2390625
23 0.075 0.76796875 0.15 0.33046875
23 0.11428571428571428 0.540625 0.07797619047619048 0.11796875
23 0.02142857142857143 0.4109375 0.04285714285714286 0.0359375
23 0.04285714285714286 0.103125 0.08571428571428572 0.184375
23 0.5089285714285714 0.59375 0.06011904761904762 0.09296875
23 0.43214285714285716 0.4328125 0.05952380952380952 0.0875
23 0.5178571428571429 0.509375 0.05952380952380952 0.08203125
23 0.6333333333333333 0.2921875 0.0630952380952381 0.07109375
23 0.5654761904761905 0.23984375 0.04702380952380952 0.05703125
23 0.18214285714285713 0.98046875 0.05773809523809524 0.0390625
23 0.18035714285714285 0.8390625 0.05476190476190476 0.11953125
23 0.6904761904761905 0.971875 0.055357142857142855 0.05546875
23 0.6595238095238095 0.71328125 0.125 0.2875
23 0.5720238095238095 0.56171875 0.034523809523809526 0.109375
23 0.5833333333333334 0.421875 0.10595238095238095 0.24453125
23 0.4220238095238095 0.58046875 0.041666666666666664 0.0859375
23 0.28273809523809523 0.41953125 0.05476190476190476 0.08359375
23 0.24583333333333332 0.37265625 0.036904761904761905 0.0484375
23 0.3130952380952381 0.68828125 0.1255952380952381 0.09296875
23 0.5404761904761904 0.93203125 0.1773809523809524 0.1359375
23 0.6422619047619048 0.85703125 0.1767857142857143 0.275
23 0.024404761904761905 0.9578125 0.0380952380952381 0.084375