23 0.25952380952380955 0.69296875 0.1392857142857143 0.19375
23 0.7160714285714286 0.9703125 0.25357142857142856 0.0515625
23 0.5434523809523809 0.975 0.09166666666666666 0.05
23 0.5708333333333333 0.48515625 0.07380952380952381 0.08125
23 0.4511904761904762 0.59140625 0.06904761904761905 0.08125
23 0.506547619047619 0.4765625 0.06428571428571428 0.08125
23 0.33690476190476193 0.33203125 0.05714285714285714 0.0859375
23 0.2994047619047619 0.4234375 0.04404761904761905 0.0640625
23 0.8767857142857143 0.9 0.03214285714285714 0.0765625
23 0.7690476190476191 0.9078125 0.09285714285714286 0.0765625
23 0.8523809523809524 0.23359375 0.04523809523809524 0.0734375
23 0.656547619047619 0.28359375 0.22380952380952382 0.1734375
23 0.5446428571428571 0.403125 0.08452380952380953 0.0484375
23 0.4375 0.39375 0.18928571428571428 0.146875
23 0.5642857142857143 0.59921875 0.06666666666666667 0.0578125
23 0.44642857142857145 0.7875 0.06666666666666667 0.075
23 0.4119047619047619 0.8375 0.0380952380952381 0.05
23 0.65 0.73828125 0.0761904761904762 0.16875
23 0.8273809523809523 0.43203125 0.10952380952380952 0.2375
23 0.7666666666666667 0.30078125 0.2154761904761905 0.240625