7 0.305952380952381 0.24609375 0.09404761904761905 0.0421875
7 0.2392857142857143 0.32109375 0.10595238095238095 0.0421875
7 0.4232142857142857 0.3171875 0.10714285714285714 0.0265625
7 0.48273809523809524 0.271875 0.07857142857142857 0.028125
7 0.4994047619047619 0.3 0.0630952380952381 0.0375
7 0.6815476190476191 0.2390625 0.07261904761904762 0.03125
7 0.6172619047619048 0.33046875 0.047619047619047616 0.046875
7 0.7166666666666667 0.36171875 0.06904761904761905 0.028125
7 0.8404761904761905 0.315625 0.07261904761904762 0.034375
7 0.8690476190476191 0.3359375 0.04404761904761905 0.0390625
7 0.7625 0.39375 0.08571428571428572 0.021875
7 0.9166666666666666 0.40234375 0.0869047619047619 0.0296875
7 0.7702380952380953 0.42890625 0.09404761904761905 0.0296875
7 0.7547619047619047 0.4390625 0.055952380952380955 0.03125
7 0.7440476190476191 0.440625 0.060714285714285714 0.040625
7 0.8464285714285714 0.528125 0.07261904761904762 0.040625
7 0.7958333333333333 0.53515625 0.0630952380952381 0.028125
7 0.6232142857142857 0.4671875 0.09642857142857143 0.0453125
7 0.7041666666666667 0.55546875 0.02976190476190476 0.0453125
7 0.7273809523809524 0.54609375 0.05119047619047619 0.0484375
7 0.5952380952380952 0.5625 0.047619047619047616 0.0421875
7 0.4625 0.51171875 0.09404761904761905 0.034375
7 0.5708333333333333 0.57890625 0.09642857142857143 0.034375
7 0.5922619047619048 0.63203125 0.0988095238095238 0.0265625
7 0.39107142857142857 0.65859375 0.0869047619047619 0.0296875
7 0.4011904761904762 0.68203125 0.07142857142857142 0.0125
7 0.4297619047619048 0.69375 0.08095238095238096 0.021875
7 0.5958333333333333 0.6703125 0.09523809523809523 0.0265625
7 0.6023809523809524 0.69296875 0.08214285714285714 0.040625
7 0.13095238095238096 0.49765625 0.09642857142857143 0.034375
7 0.13452380952380952 0.43046875 0.0869047619047619 0.0296875
7 0.33214285714285713 0.434375 0.09404761904761905 0.0421875
7 0.30297619047619045 0.48125 0.1 0.034375
7 0.24821428571428572 0.62421875 0.08452380952380953 0.0359375
7 0.10595238095238095 0.56328125 0.11785714285714285 0.0421875
7 0.2761904761904762 0.553125 0.08095238095238096 0.025
7 0.3904761904761905 0.55703125 0.1 0.0421875
7 0.5607142857142857 0.6 0.08333333333333333 0.0171875
7 0.9101190476190476 0.4703125 0.07261904761904762 0.028125
7 0.5630952380952381 0.2125 0.0630952380952381 0.059375
7 0.45357142857142857 0.19765625 0.07261904761904762 0.0375
7 0.4011904761904762 0.375 0.09404761904761905 0.0375
7 0.22738095238095238 0.35703125 0.11547619047619048 0.0359375
7 0.15654761904761905 0.36875 0.07738095238095238 0.025
7 0.5839285714285715 0.76171875 0.09047619047619047 0.0375
7 0.6696428571428571 0.33046875 0.041666666666666664 0.0390625
7 0.6880952380952381 0.4625 0.060714285714285714 0.0359375