7 0.6720238095238096 0.2203125 0.034523809523809526 0.1234375
7 0.6083333333333333 0.140625 0.03571428571428571 0.1390625
7 0.6303571428571428 0.38046875 0.023809523809523808 0.1421875
7 0.6714285714285714 0.45390625 0.023809523809523808 0.103125
7 0.6517857142857143 0.478125 0.030952380952380953 0.0828125
7 0.7166666666666667 0.709375 0.02619047619047619 0.0953125
7 0.6410714285714286 0.63515625 0.0380952380952381 0.0640625
7 0.6279761904761905 0.76875 0.023809523809523808 0.090625
7 0.6755952380952381 0.925 0.02857142857142857 0.09375
7 0.6619047619047619 0.9609375 0.030952380952380953 0.053125
7 0.6077380952380952 0.83125 0.01904761904761905 0.1140625
7 0.5821428571428572 0.8453125 0.025 0.1234375
7 0.5726190476190476 0.82578125 0.025 0.0734375
7 0.5702380952380952 0.8125 0.03214285714285714 0.08125
7 0.5142857142857142 0.953125 0.03333333333333333 0.09375
7 0.5041666666666667 0.88984375 0.023809523809523808 0.0828125
7 0.5375 0.65703125 0.0380952380952381 0.128125
7 0.4791666666666667 0.771875 0.03571428571428571 0.040625
7 0.4886904761904762 0.8015625 0.039285714285714285 0.06875
7 0.4630952380952381 0.63125 0.034523809523809526 0.0640625
7 0.4875 0.45234375 0.02857142857142857 0.1234375
7 0.44761904761904764 0.6 0.02976190476190476 0.1265625
7 0.4101190476190476 0.634375 0.023809523809523808 0.13125
7 0.368452380952381 0.37421875 0.025 0.1140625
7 0.3517857142857143 0.38984375 0.011904761904761904 0.09375
7 0.3458333333333333 0.42890625 0.02023809523809524 0.1078125
7 0.38095238095238093 0.64296875 0.023809523809523808 0.1265625
7 0.36428571428571427 0.65390625 0.034523809523809526 0.109375
7 0.4642857142857143 0.04140625 0.02619047619047619 0.0796875
7 0.5148809523809523 0.0359375 0.02261904761904762 0.071875
7 0.5321428571428571 0.27421875 0.034523809523809526 0.1234375
7 0.493452380952381 0.240625 0.02976190476190476 0.13125
7 0.37916666666666665 0.184375 0.030952380952380953 0.1109375
7 0.41309523809523807 0.0375 0.03214285714285714 0.0640625
7 0.4363095238095238 0.2140625 0.02261904761904762 0.1078125
7 0.44583333333333336 0.36328125 0.03571428571428571 0.13125
7 0.430952380952381 0.5890625 0.016666666666666666 0.109375
7 0.7244047619047619 0.55234375 0.047619047619047616 0.084375
7 0.7244047619047619 0.4078125 0.030952380952380953 0.0953125
7 0.5845238095238096 0.35859375 0.030952380952380953 0.1234375
7 0.5797619047619048 0.12890625 0.03214285714285714 0.1515625
7 0.5630952380952381 0.04453125 0.02142857142857143 0.0890625
7 0.3101190476190476 0.6375 0.030952380952380953 0.11875