23 0.4660714285714286 0.2765625 0.20476190476190476 0.103125
23 0.46726190476190477 0.23046875 0.04345238095238095 0.034375
23 0.6357142857142857 0.26640625 0.19404761904761905 0.0765625
23 0.4994047619047619 0.27109375 0.07380952380952381 0.0515625
23 0.1386904761904762 0.215625 0.12380952380952381 0.109375
23 0.10952380952380952 0.30546875 0.10833333333333334 0.08046875
23 0.10178571428571428 0.375 0.1351190476190476 0.06328125
23 0.2154761904761905 0.30703125 0.0869047619047619 0.0921875
23 0.1875 0.3703125 0.048214285714285716 0.10078125
23 0.22857142857142856 0.40078125 0.10297619047619047 0.06640625
23 0.09345238095238095 0.4328125 0.12202380952380952 0.0296875
23 0.4595238095238095 0.36171875 0.05357142857142857 0.03203125
23 0.6345238095238095 0.3921875 0.29464285714285715 0.171875
23 0.6476190476190476 0.31484375 0.07738095238095238 0.0203125
23 0.5869047619047619 0.3140625 0.07023809523809524 0.01953125
23 0.3892857142857143 0.35390625 0.19404761904761905 0.05
23 0.44821428571428573 0.38984375 0.07023809523809524 0.0359375
23 0.44821428571428573 0.42734375 0.06011904761904762 0.04140625
23 0.43273809523809526 0.453125 0.04702380952380952 0.01796875
23 0.6464285714285715 0.47109375 0.275 0.12421875
23 0.7636904761904761 0.61640625 0.21845238095238095 0.14765625
23 0.6505952380952381 0.625 0.052976190476190475 0.05703125
23 0.3380952380952381 0.5484375 0.3202380952380952 0.1734375
23 0.13214285714285715 0.51328125 0.1738095238095238 0.09296875
23 0.8648809523809524 0.25234375 0.06785714285714285 0.02734375
23 0.3047619047619048 0.24453125 0.11428571428571428 0.04375
23 0.24523809523809523 0.20703125 0.0869047619047619 0.06640625