7 0.6898809523809524 0.37890625 0.025 0.10625
7 0.6422619047619048 0.365625 0.02023809523809524 0.10625
7 0.6196428571428572 0.3609375 0.017857142857142856 0.0890625
7 0.6351190476190476 0.60234375 0.011904761904761904 0.09375
7 0.6410714285714286 0.6 0.010714285714285714 0.1125
7 0.6154761904761905 0.62578125 0.02023809523809524 0.09375
7 0.5952380952380952 0.390625 0.02023809523809524 0.084375
7 0.5744047619047619 0.41640625 0.017857142857142856 0.0890625
7 0.5392857142857143 0.63046875 0.02261904761904762 0.121875
7 0.5571428571428572 0.40234375 0.02023809523809524 0.109375
7 0.5416666666666666 0.3609375 0.025 0.0609375
7 0.5023809523809524 0.51796875 0.02261904761904762 0.1171875
7 0.5327380952380952 0.2046875 0.023809523809523808 0.071875
7 0.5380952380952381 0.1953125 0.02976190476190476 0.053125
7 0.4660714285714286 0.3375 0.02023809523809524 0.08125
7 0.4654761904761905 0.26640625 0.02976190476190476 0.09375
7 0.4452380952380952 0.18046875 0.017857142857142856 0.078125
7 0.5053571428571428 0.0484375 0.034523809523809526 0.078125
7 0.5214285714285715 0.09765625 0.025 0.06875
7 0.4148809523809524 0.16953125 0.023809523809523808 0.08125
7 0.3904761904761905 0.20625 0.025 0.071875
7 0.35059523809523807 0.07578125 0.025 0.0890625
7 0.3636904761904762 0.0296875 0.036904761904761905 0.059375
7 0.30952380952380953 0.234375 0.023809523809523808 0.0609375
7 0.29642857142857143 0.25390625 0.02738095238095238 0.084375
7 0.36607142857142855 0.33046875 0.0380952380952381 0.05
7 0.37083333333333335 0.27578125 0.02619047619047619 0.04375
7 0.3488095238095238 0.34296875 0.025 0.040625
7 0.2791666666666667 0.4125 0.03571428571428571 0.06875
7 0.2648809523809524 0.54921875 0.02976190476190476 0.084375
7 0.3053571428571429 0.73203125 0.03571428571428571 0.1015625
7 0.32202380952380955 0.5140625 0.017857142857142856 0.134375
7 0.3488095238095238 0.4890625 0.02976190476190476 0.08125
7 0.3547619047619048 0.59609375 0.025 0.1015625
7 0.3636904761904762 0.8125 0.02738095238095238 0.096875
7 0.4023809523809524 0.6046875 0.025 0.1171875
7 0.3886904761904762 0.8578125 0.02619047619047619 0.1125
7 0.4011904761904762 0.92734375 0.02023809523809524 0.10625
7 0.44761904761904764 0.71171875 0.02619047619047619 0.09375
7 0.4636904761904762 0.734375 0.02976190476190476 0.0484375
7 0.4452380952380952 0.953125 0.02023809523809524 0.090625
7 0.4988095238095238 0.95 0.02023809523809524 0.1
7 0.48154761904761906 0.73125 0.02023809523809524 0.096875
7 0.5345238095238095 0.7703125 0.02023809523809524 0.09375
7 0.5416666666666666 0.96875 0.03571428571428571 0.0625
7 0.5904761904761905 0.81015625 0.023809523809523808 0.096875