7 0.2755952380952381 0.29453125 0.09642857142857143 0.0546875
7 0.21964285714285714 0.3828125 0.10714285714285714 0.05625
7 0.39940476190476193 0.32734375 0.10833333333333334 0.040625
7 0.4529761904761905 0.27890625 0.07976190476190476 0.0390625
7 0.4726190476190476 0.303125 0.06547619047619048 0.0453125
7 0.6440476190476191 0.20234375 0.07380952380952381 0.040625
7 0.5928571428571429 0.30625 0.05119047619047619 0.053125
7 0.6952380952380952 0.3140625 0.07023809523809524 0.0375
7 0.8107142857142857 0.240625 0.07380952380952381 0.04375
7 0.8416666666666667 0.2546875 0.04642857142857143 0.0453125
7 0.7446428571428572 0.3359375 0.0869047619047619 0.0328125
7 0.8970238095238096 0.309375 0.0880952380952381 0.040625
7 0.7571428571428571 0.36796875 0.09404761904761905 0.0421875
7 0.7428571428571429 0.38515625 0.05714285714285714 0.0375
7 0.7327380952380952 0.3859375 0.0630952380952381 0.0484375
7 0.8452380952380952 0.44921875 0.075 0.05
7 0.7958333333333333 0.4671875 0.06428571428571428 0.0359375
7 0.6166666666666667 0.43984375 0.0988095238095238 0.0578125
7 0.7083333333333334 0.5078125 0.03333333333333333 0.0484375
7 0.7303571428571428 0.49375 0.05476190476190476 0.05625
7 0.6023809523809524 0.53984375 0.05 0.0484375
7 0.4648809523809524 0.51953125 0.09523809523809523 0.046875
7 0.5797619047619048 0.56171875 0.09761904761904762 0.046875
7 0.6083333333333333 0.60859375 0.1 0.0390625
7 0.41369047619047616 0.68046875 0.0880952380952381 0.040625
7 0.42678571428571427 0.70234375 0.07142857142857142 0.021875
7 0.45654761904761904 0.70546875 0.08214285714285714 0.0328125
7 0.6172619047619048 0.6453125 0.09642857142857143 0.0390625
7 0.6267857142857143 0.66640625 0.08452380952380953 0.0515625
7 0.1363095238095238 0.58203125 0.09761904761904762 0.046875
7 0.13095238095238096 0.51484375 0.0880952380952381 0.040625
7 0.3255952380952381 0.4734375 0.09642857142857143 0.0546875
7 0.30357142857142855 0.5265625 0.10119047619047619 0.046875
7 0.26845238095238094 0.6796875 0.08571428571428572 0.0484375
7 0.12023809523809524 0.65078125 0.11904761904761904 0.0578125
7 0.2869047619047619 0.603125 0.08214285714285714 0.0359375
7 0.4 0.58046875 0.10238095238095238 0.0546875
7 0.5726190476190476 0.584375 0.08452380952380953 0.0296875
7 0.9 0.37734375 0.07380952380952381 0.0375
7 0.5238095238095238 0.203125 0.06785714285714285 0.0671875
7 0.40773809523809523 0.20703125 0.07380952380952381 0.046875
7 0.3863095238095238 0.39921875 0.09523809523809523 0.05
7 0.2125 0.42109375 0.11666666666666667 0.0515625
7 0.14404761904761904 0.44921875 0.07857142857142857 0.0359375
7 0.6172619047619048 0.73828125 0.09166666666666666 0.0484375
7 0.6446428571428572 0.29453125 0.04404761904761905 0.04375
7 0.6803571428571429 0.4203125 0.06190476190476191 0.04375
7 0.30238095238095236 0.490625 0.05952380952380952 0.0578125