7 0.3982142857142857 0.25390625 0.10357142857142858 0.0359375
7 0.39166666666666666 0.31640625 0.08214285714285714 0.0359375
7 0.3880952380952381 0.34609375 0.06904761904761905 0.03125
7 0.5720238095238095 0.29140625 0.07261904761904762 0.0234375
7 0.5565476190476191 0.28203125 0.08571428571428572 0.0234375
7 0.5869047619047619 0.3203125 0.07261904761904762 0.034375
7 0.4113095238095238 0.3796875 0.06547619047619048 0.034375
7 0.4363095238095238 0.39765625 0.06904761904761905 0.03125
7 0.5988095238095238 0.41640625 0.09404761904761905 0.040625
7 0.41785714285714287 0.421875 0.08452380952380953 0.0359375
7 0.39166666666666666 0.45078125 0.05 0.0515625
7 0.5273809523809524 0.4734375 0.09047619047619047 0.040625
7 0.2833333333333333 0.471875 0.05714285714285714 0.0375
7 0.2648809523809524 0.4875 0.04285714285714286 0.0421875
7 0.37976190476190474 0.546875 0.0630952380952381 0.0328125
7 0.31607142857142856 0.5640625 0.0630952380952381 0.0328125
7 0.25535714285714284 0.603125 0.08452380952380953 0.034375
7 0.09702380952380953 0.58125 0.0630952380952381 0.0296875
7 0.15595238095238095 0.52734375 0.0630952380952381 0.0515625
7 0.19166666666666668 0.509375 0.05476190476190476 0.0375
7 0.09821428571428571 0.65546875 0.07261904761904762 0.034375
7 0.26011904761904764 0.6421875 0.06428571428571428 0.0375
7 0.29285714285714287 0.66484375 0.05714285714285714 0.0390625
7 0.16726190476190475 0.72578125 0.07023809523809524 0.040625
7 0.15 0.71796875 0.07380952380952381 0.046875
7 0.32261904761904764 0.78046875 0.04880952380952381 0.0359375
7 0.3375 0.7796875 0.06666666666666667 0.04375
7 0.3869047619047619 0.6796875 0.04047619047619048 0.053125
7 0.3488095238095238 0.68125 0.03571428571428571 0.0390625
7 0.3827380952380952 0.70546875 0.03333333333333333 0.0375
7 0.4601190476190476 0.79140625 0.055952380952380955 0.0515625
7 0.5648809523809524 0.78359375 0.06666666666666667 0.046875
7 0.7095238095238096 0.71640625 0.05714285714285714 0.0375
7 0.5303571428571429 0.709375 0.10357142857142858 0.0359375
7 0.5089285714285714 0.68671875 0.06428571428571428 0.0453125
7 0.5863095238095238 0.6640625 0.07976190476190476 0.0421875
7 0.7488095238095238 0.628125 0.0761904761904762 0.04375
7 0.5898809523809524 0.59921875 0.09166666666666666 0.04375
7 0.7744047619047619 0.58984375 0.0880952380952381 0.04375
7 0.8345238095238096 0.5640625 0.08214285714285714 0.0359375
7 0.6625 0.53125 0.07380952380952381 0.0421875
7 0.6815476190476191 0.51875 0.039285714285714285 0.0421875
7 0.8589285714285714 0.50234375 0.09047619047619047 0.0375
7 0.8488095238095238 0.43515625 0.1 0.0390625
7 0.6755952380952381 0.48359375 0.075 0.034375
7 0.6946428571428571 0.41484375 0.08333333333333333 0.04375
7 0.8857142857142857 0.375 0.09761904761904762 0.04375
7 0.7255952380952381 0.33203125 0.0761904761904762 0.0390625