7 0.5815476190476191 0.75859375 0.10178571428571428 0.02109375
7 0.5928571428571429 0.69765625 0.08035714285714286 0.02421875
7 0.5988095238095238 0.66875 0.06785714285714285 0.02109375
7 0.4119047619047619 0.69765625 0.07083333333333333 0.0140625
7 0.4261904761904762 0.709375 0.08630952380952381 0.0125
7 0.39940476190476193 0.6671875 0.07083333333333333 0.02578125
7 0.5785714285714286 0.63203125 0.06488095238095239 0.02421875
7 0.5553571428571429 0.61015625 0.06785714285714285 0.02265625
7 0.3952380952380952 0.56953125 0.09285714285714286 0.028125
7 0.575595238095238 0.5890625 0.08333333333333333 0.02578125
7 0.6035714285714285 0.5640625 0.04642857142857143 0.0453125
7 0.4708333333333333 0.52265625 0.08928571428571429 0.028125
7 0.7130952380952381 0.5578125 0.055357142857142855 0.0296875
7 0.7327380952380952 0.54453125 0.03988095238095238 0.03671875
7 0.6232142857142857 0.46953125 0.06190476190476191 0.02578125
7 0.6880952380952381 0.46171875 0.06190476190476191 0.02421875
7 0.7517857142857143 0.43125 0.08333333333333333 0.02265625
7 0.9071428571428571 0.47421875 0.06190476190476191 0.02109375
7 0.844047619047619 0.5203125 0.05892857142857143 0.04375
7 0.8071428571428572 0.5328125 0.05238095238095238 0.03125
7 0.9119047619047619 0.40078125 0.07083333333333333 0.02421875
7 0.75 0.39140625 0.06190476190476191 0.0296875
7 0.719047619047619 0.36484375 0.055357142857142855 0.03125
7 0.8488095238095238 0.32109375 0.06785714285714285 0.03125
7 0.8654761904761905 0.33125 0.07083333333333333 0.03828125
7 0.6988095238095238 0.2453125 0.04642857142857143 0.0296875
7 0.6839285714285714 0.24296875 0.06488095238095239 0.034375
7 0.6267857142857143 0.33671875 0.036904761904761905 0.0484375
7 0.6648809523809524 0.340625 0.033928571428571426 0.034375
7 0.6327380952380952 0.31171875 0.030952380952380953 0.0328125
7 0.5630952380952381 0.215625 0.05238095238095238 0.0453125
7 0.4583333333333333 0.209375 0.06488095238095239 0.03671875
7 0.30892857142857144 0.26640625 0.055357142857142855 0.05
7 0.4863095238095238 0.2875 0.10178571428571428 0.02265625
7 0.5059523809523809 0.31328125 0.06190476190476191 0.03671875
7 0.42738095238095236 0.325 0.07738095238095238 0.03125
7 0.2625 0.33828125 0.07380952380952381 0.034375
7 0.41845238095238096 0.3890625 0.08928571428571429 0.03125
7 0.23452380952380952 0.37265625 0.08630952380952381 0.0328125
7 0.17261904761904762 0.390625 0.08035714285714286 0.02421875
7 0.3410714285714286 0.446875 0.07083333333333333 0.0328125
7 0.32083333333333336 0.45625 0.036904761904761905 0.03828125
7 0.14345238095238094 0.4484375 0.08928571428571429 0.02578125
7 0.14821428571428572 0.51640625 0.0988095238095238 0.02578125
7 0.3238095238095238 0.4921875 0.07380952380952381 0.02578125
7 0.2994047619047619 0.5578125 0.08035714285714286 0.0328125
7 0.10654761904761904 0.57109375 0.09583333333333334 0.03125
7 0.2625 0.6359375 0.07380952380952381 0.0296875