7 0.6047619047619047 0.74375 0.10357142857142858 0.0375
7 0.6107142857142858 0.68125 0.08214285714285714 0.0375
7 0.6136904761904762 0.6515625 0.06904761904761905 0.0328125
7 0.430952380952381 0.71015625 0.07261904761904762 0.025
7 0.44642857142857145 0.71953125 0.08571428571428572 0.0265625
7 0.4154761904761905 0.68203125 0.07380952380952381 0.0359375
7 0.5904761904761905 0.61875 0.06666666666666667 0.034375
7 0.5648809523809524 0.60078125 0.06904761904761905 0.0328125
7 0.4023809523809524 0.5859375 0.09523809523809523 0.0421875
7 0.5833333333333334 0.5765625 0.08452380952380953 0.0375
7 0.6089285714285714 0.546875 0.05 0.053125
7 0.4732142857142857 0.52734375 0.09166666666666666 0.0421875
7 0.7166666666666667 0.5234375 0.05714285714285714 0.0375
7 0.7351190476190477 0.50703125 0.04404761904761905 0.04375
7 0.6196428571428572 0.45 0.06428571428571428 0.034375
7 0.6833333333333333 0.43203125 0.06428571428571428 0.034375
7 0.743452380952381 0.39140625 0.08452380952380953 0.034375
7 0.9017857142857143 0.409375 0.0630952380952381 0.03125
7 0.843452380952381 0.46484375 0.0630952380952381 0.053125
7 0.8077380952380953 0.48359375 0.05476190476190476 0.0390625
7 0.8994047619047619 0.3359375 0.07380952380952381 0.0359375
7 0.7380952380952381 0.35234375 0.06428571428571428 0.0390625
7 0.7047619047619048 0.33046875 0.05714285714285714 0.0390625
7 0.8297619047619048 0.26640625 0.07023809523809524 0.0421875
7 0.8470238095238095 0.27421875 0.07380952380952381 0.0484375
7 0.6738095238095239 0.215625 0.04880952380952381 0.0375
7 0.6589285714285714 0.215625 0.06666666666666667 0.04375
7 0.6107142857142858 0.31796875 0.041666666666666664 0.0546875
7 0.6488095238095238 0.315625 0.03571428571428571 0.0390625
7 0.6142857142857143 0.2921875 0.03333333333333333 0.0375
7 0.5363095238095238 0.2078125 0.055952380952380955 0.053125
7 0.43154761904761907 0.21796875 0.06785714285714285 0.046875
7 0.28869047619047616 0.2984375 0.05952380952380952 0.0578125
7 0.4666666666666667 0.29140625 0.10357142857142858 0.0375
7 0.4886904761904762 0.3140625 0.06547619047619048 0.046875
7 0.4119047619047619 0.33828125 0.07976190476190476 0.04375
7 0.2494047619047619 0.37734375 0.0761904761904762 0.0453125
7 0.4089285714285714 0.403125 0.09166666666666666 0.0453125
7 0.2244047619047619 0.41640625 0.0880952380952381 0.046875
7 0.16488095238095238 0.44375 0.08214285714285714 0.0375
7 0.3375 0.47265625 0.07380952380952381 0.04375
7 0.31785714285714284 0.48515625 0.04047619047619048 0.04375
7 0.14107142857142857 0.50546875 0.09047619047619047 0.0390625
7 0.1523809523809524 0.57265625 0.1 0.040625
7 0.3244047619047619 0.5203125 0.075 0.0359375
7 0.30654761904761907 0.58984375 0.08333333333333333 0.0453125
7 0.11607142857142858 0.63359375 0.09761904761904762 0.046875
7 0.2767857142857143 0.67265625 0.0761904761904762 0.040625