7 0.3476190476190476 0.7984375 0.04285714285714286 0.1265625
7 0.4154761904761905 0.8703125 0.04404761904761905 0.1421875
7 0.37023809523809526 0.63515625 0.03333333333333333 0.1421875
7 0.3327380952380952 0.565625 0.030952380952380953 0.1046875
7 0.35059523809523807 0.5390625 0.03571428571428571 0.0859375
7 0.2702380952380952 0.315625 0.03214285714285714 0.096875
7 0.35059523809523807 0.38125 0.041666666666666664 0.0671875
7 0.3547619047619048 0.246875 0.02976190476190476 0.0921875
7 0.2970238095238095 0.096875 0.034523809523809526 0.096875
7 0.30714285714285716 0.059375 0.034523809523809526 0.0546875
7 0.37083333333333335 0.18203125 0.02619047619047619 0.1140625
7 0.3952380952380952 0.16484375 0.03333333333333333 0.125
7 0.4083333333333333 0.1828125 0.02976190476190476 0.075
7 0.4089285714285714 0.196875 0.0380952380952381 0.0828125
7 0.45535714285714285 0.04921875 0.039285714285714285 0.0953125
7 0.47023809523809523 0.1125 0.02857142857142857 0.084375
7 0.4523809523809524 0.34765625 0.04523809523809524 0.1296875
7 0.5023809523809524 0.2265625 0.036904761904761905 0.04375
7 0.49107142857142855 0.1984375 0.04285714285714286 0.071875
7 0.5285714285714286 0.36484375 0.0380952380952381 0.0671875
7 0.5154761904761904 0.54609375 0.036904761904761905 0.125
7 0.5458333333333333 0.39375 0.036904761904761905 0.128125
7 0.580952380952381 0.35546875 0.03214285714285714 0.13125
7 0.6392857142857142 0.61015625 0.03214285714285714 0.115625
7 0.6553571428571429 0.59296875 0.017857142857142856 0.09375
7 0.6571428571428571 0.55390625 0.02619047619047619 0.1078125
7 0.6089285714285714 0.34375 0.030952380952380953 0.1265625
7 0.625 0.33125 0.04047619047619048 0.1109375
7 0.5660714285714286 0.953125 0.03214285714285714 0.08125
7 0.5148809523809523 0.9625 0.02738095238095238 0.075
7 0.48273809523809524 0.72890625 0.04285714285714286 0.1265625
7 0.5238095238095238 0.7578125 0.0380952380952381 0.1328125
7 0.6410714285714286 0.80078125 0.0380952380952381 0.1125
7 0.6160714285714286 0.95078125 0.03571428571428571 0.0671875
7 0.575 0.7796875 0.02857142857142857 0.1078125
7 0.5630952380952381 0.6296875 0.04404761904761905 0.134375
7 0.5630952380952381 0.403125 0.023809523809523808 0.1109375
7 0.2732142857142857 0.4734375 0.05238095238095238 0.0890625
7 0.2785714285714286 0.62578125 0.036904761904761905 0.0984375
7 0.4255952380952381 0.65078125 0.039285714285714285 0.125
7 0.4452380952380952 0.878125 0.041666666666666664 0.153125
7 0.4660714285714286 0.9578125 0.02738095238095238 0.084375
7 0.6797619047619048 0.34140625 0.0380952380952381 0.1203125
7 0.3404761904761905 0.3140625 0.034523809523809526 0.0578125
7 0.4363095238095238 0.26484375 0.034523809523809526 0.0828125
7 0.49642857142857144 0.759375 0.04523809523809524 0.078125