39 0.2625 0.88671875 0.19047619047619047 0.1046875
39 0.5345238095238095 0.875 0.14404761904761904 0.0703125
39 0.7488095238095238 0.8625 0.12142857142857143 0.0625
39 0.9148809523809524 0.853125 0.08928571428571429 0.0578125
39 0.2119047619047619 0.72421875 0.11190476190476191 0.0546875
39 0.38511904761904764 0.73046875 0.09523809523809523 0.0421875
39 0.5339285714285714 0.7359375 0.08095238095238096 0.034375
39 0.6630952380952381 0.7375 0.08214285714285714 0.034375
39 0.7702380952380953 0.73984375 0.06785714285714285 0.034375
39 0.8702380952380953 0.740625 0.05952380952380952 0.028125
39 0.18928571428571428 0.65703125 0.08095238095238096 0.034375
39 0.31785714285714284 0.66328125 0.07142857142857142 0.0359375
39 0.43452380952380953 0.67421875 0.07023809523809524 0.0265625
39 0.5303571428571429 0.67421875 0.0630952380952381 0.03125
39 0.6244047619047619 0.6828125 0.0630952380952381 0.0265625
39 0.7083333333333334 0.6875 0.060714285714285714 0.028125
39 0.7845238095238095 0.69140625 0.04642857142857143 0.025
39 0.8488095238095238 0.69375 0.04523809523809524 0.0234375
39 0.9107142857142857 0.7 0.04880952380952381 0.0234375
39 0.968452380952381 0.70234375 0.03214285714285714 0.0265625
39 0.16964285714285715 0.58125 0.06428571428571428 0.03125
39 0.2517857142857143 0.5890625 0.05952380952380952 0.0234375
39 0.33214285714285713 0.596875 0.04880952380952381 0.0203125
39 0.4017857142857143 0.60078125 0.04404761904761905 0.01875
39 0.47023809523809523 0.6109375 0.039285714285714285 0.0234375
39 0.5327380952380952 0.61640625 0.041666666666666664 0.025
39 0.5892857142857143 0.6203125 0.041666666666666664 0.0203125
39 0.6452380952380953 0.62734375 0.04404761904761905 0.025
39 0.6952380952380952 0.63203125 0.041666666666666664 0.021875
39 0.743452380952381 0.6359375 0.0380952380952381 0.028125
39 0.7916666666666666 0.63828125 0.03214285714285714 0.0140625
39 0.8363095238095238 0.64375 0.034523809523809526 0.0171875
39 0.8755952380952381 0.6453125 0.03214285714285714 0.0234375
39 0.9125 0.65 0.023809523809523808 0.0125
39 0.9494047619047619 0.6515625 0.02976190476190476 0.0140625
39 0.8809523809523809 0.61953125 0.03214285714285714 0.0171875
39 0.8303571428571429 0.6171875 0.025 0.0125
39 0.7922619047619047 0.61328125 0.02738095238095238 0.0203125
39 0.7553571428571428 0.60390625 0.030952380952380953 0.0171875
39 0.719047619047619 0.6015625 0.025 0.0125
39 0.6714285714285714 0.59609375 0.03333333333333333 0.0140625
39 0.6255952380952381 0.59375 0.03214285714285714 0.0171875
39 0.5821428571428572 0.5875 0.034523809523809526 0.0171875
39 0.531547619047619 0.58125 0.030952380952380953 0.0140625
39 0.4797619047619048 0.575 0.0380952380952381 0.015625
39 0.4261904761904762 0.56875 0.030952380952380953 0.0171875
39 0.3636904761904762 0.56328125 0.041666666666666664 0.0234375
39 0.3047619047619048 0.55703125 0.041666666666666664 0.0171875
39 0.2357142857142857 0.54765625 0.041666666666666664 0.0171875
39 0.16904761904761906 0.540625 0.04642857142857143 0.0203125
39 0.7970238095238096 0.5921875 0.025 0.015625
39 0.7625 0.5890625 0.02023809523809524 0.0140625
39 0.7285714285714285 0.584375 0.02738095238095238 0.0171875
39 0.6910714285714286 0.578125 0.025 0.015625
39 0.655952380952381 0.57421875 0.030952380952380953 0.0203125
39 0.618452380952381 0.56796875 0.03333333333333333 0.0203125
39 0.5767857142857142 0.56484375 0.03214285714285714 0.0171875
39 0.5333333333333333 0.55859375 0.034523809523809526 0.0171875
39 0.4886904761904762 0.55 0.034523809523809526 0.015625
39 0.44285714285714284 0.5453125 0.0380952380952381 0.021875
39 0.39166666666666666 0.54140625 0.036904761904761905 0.01875
39 0.3404761904761905 0.53359375 0.041666666666666664 0.01875
39 0.28869047619047616 0.52890625 0.04880952380952381 0.0203125
39 0.2255952380952381 0.5203125 0.04642857142857143 0.021875
39 0.1636904761904762 0.5125 0.04523809523809524 0.0171875
39 0.16428571428571428 0.48984375 0.04285714285714286 0.0140625
39 0.21785714285714286 0.49609375 0.04047619047619048 0.0203125
39 0.26785714285714285 0.50234375 0.036904761904761905 0.015625
39 0.3202380952380952 0.51015625 0.036904761904761905 0.0171875
39 0.36547619047619045 0.51640625 0.03214285714285714 0.0140625
39 0.4529761904761905 0.5296875 0.03214285714285714 0.0171875
39 0.49523809523809526 0.534375 0.02738095238095238 0.0140625
39 0.5351190476190476 0.54140625 0.02976190476190476 0.0171875
39 0.5714285714285714 0.54453125 0.02976190476190476 0.0140625
39 0.6083333333333333 0.55078125 0.02023809523809524 0.0125
39 0.6416666666666667 0.55546875 0.02261904761904762 0.0125