23 0.36607142857142855 0.39140625 0.075 0.1
23 0.28214285714285714 0.43515625 0.09047619047619047 0.078125
23 0.4875 0.65859375 0.04404761904761905 0.0953125
23 0.5976190476190476 0.68828125 0.08630952380952381 0.12265625
23 0.5672619047619047 0.475 0.075 0.14296875
23 0.19107142857142856 0.45 0.05178571428571429 0.08125
23 0.41845238095238096 0.54921875 0.05773809523809524 0.0796875
23 0.31547619047619047 0.6421875 0.05773809523809524 0.06953125
23 0.6244047619047619 0.7859375 0.08035714285714286 0.10859375
23 0.5077380952380952 0.7984375 0.0375 0.06328125
23 0.23511904761904762 0.703125 0.06190476190476191 0.04921875
23 0.2577380952380952 0.62578125 0.030357142857142857 0.0390625
23 0.42916666666666664 0.42421875 0.07083333333333333 0.08984375
23 0.643452380952381 0.61953125 0.08571428571428572 0.15625
23 0.48273809523809524 0.56171875 0.07023809523809524 0.078125
23 0.5136904761904761 0.4953125 0.04047619047619048 0.05390625
23 0.2916666666666667 0.26796875 0.06130952380952381 0.06640625
23 0.08571428571428572 0.62890625 0.039285714285714285 0.03046875
23 0.4523809523809524 0.875 0.06011904761904762 0.0609375
23 0.5113095238095238 0.95703125 0.07916666666666666 0.0859375
23 0.6577380952380952 0.87265625 0.026785714285714284 0.06640625
23 0.6351190476190476 0.93203125 0.052976190476190475 0.0546875
23 0.7196428571428571 0.4796875 0.0380952380952381 0.0625