7 0.3767857142857143 0.27734375 0.10357142857142858 0.05
7 0.37916666666666665 0.3390625 0.08333333333333333 0.046875
7 0.3767857142857143 0.36171875 0.07023809523809524 0.040625
7 0.5446428571428571 0.29765625 0.07261904761904762 0.0328125
7 0.5410714285714285 0.2875 0.08571428571428572 0.0359375
7 0.5666666666666667 0.3171875 0.07380952380952381 0.04375
7 0.4023809523809524 0.3921875 0.06666666666666667 0.0421875
7 0.4232142857142857 0.41640625 0.07023809523809524 0.040625
7 0.5958333333333333 0.4109375 0.09523809523809523 0.053125
7 0.4142857142857143 0.4484375 0.08571428571428572 0.046875
7 0.3886904761904762 0.465625 0.05238095238095238 0.05625
7 0.525 0.46953125 0.09166666666666666 0.0515625
7 0.2845238095238095 0.51328125 0.058333333333333334 0.04375
7 0.2654761904761905 0.5203125 0.04523809523809524 0.0484375
7 0.38452380952380955 0.56328125 0.06428571428571428 0.040625
7 0.32857142857142857 0.5921875 0.06428571428571428 0.040625
7 0.275 0.64140625 0.06190476190476191 0.0375
7 0.10595238095238095 0.6359375 0.06428571428571428 0.0390625
7 0.1601190476190476 0.57421875 0.06547619047619048 0.059375
7 0.19464285714285715 0.5515625 0.055952380952380955 0.0453125
7 0.1130952380952381 0.709375 0.07380952380952381 0.04375
7 0.2726190476190476 0.67421875 0.06547619047619048 0.0453125
7 0.30714285714285716 0.6921875 0.058333333333333334 0.0453125
7 0.1869047619047619 0.7703125 0.07142857142857142 0.0484375
7 0.16904761904761906 0.76484375 0.0761904761904762 0.05625
7 0.3458333333333333 0.803125 0.05 0.0421875
7 0.3607142857142857 0.8 0.06785714285714285 0.0515625
7 0.4017857142857143 0.69453125 0.04404761904761905 0.0578125
7 0.3636904761904762 0.70078125 0.0380952380952381 0.0421875
7 0.4 0.7203125 0.03571428571428571 0.040625
7 0.48333333333333334 0.7953125 0.058333333333333334 0.059375
7 0.5869047619047619 0.77265625 0.06904761904761905 0.0546875
7 0.7255952380952381 0.6859375 0.058333333333333334 0.04375
7 0.5470238095238096 0.70390625 0.10357142857142858 0.05
7 0.5238095238095238 0.684375 0.06666666666666667 0.053125
7 0.5988095238095238 0.6515625 0.08095238095238096 0.0515625
7 0.7577380952380952 0.59375 0.07738095238095238 0.053125
7 0.5982142857142857 0.59140625 0.09285714285714286 0.0546875
7 0.7797619047619048 0.55234375 0.08928571428571429 0.05625
7 0.8375 0.51796875 0.08333333333333333 0.046875
7 0.6636904761904762 0.50859375 0.075 0.0515625
7 0.6821428571428572 0.49375 0.041666666666666664 0.046875
7 0.8571428571428571 0.453125 0.09166666666666666 0.0484375
7 0.8416666666666667 0.38828125 0.10119047619047619 0.0515625
7 0.6738095238095239 0.459375 0.0761904761904762 0.0453125
7 0.6869047619047619 0.3890625 0.08452380952380953 0.0546875
7 0.8738095238095238 0.3234375 0.09761904761904762 0.05625
7 0.7107142857142857 0.30234375 0.07738095238095238 0.0484375