23 0.016666666666666666 0.565625 0.03333333333333333 0.24296875
23 0.17916666666666667 0.97890625 0.06845238095238096 0.0421875
23 0.656547619047619 0.71484375 0.13035714285714287 0.2921875
23 0.643452380952381 0.8515625 0.1744047619047619 0.24765625
23 0.6863095238095238 0.96875 0.05952380952380952 0.0625
23 0.513095238095238 0.59453125 0.06428571428571428 0.0953125
23 0.5178571428571429 0.51328125 0.052976190476190475 0.08984375
23 0.44166666666666665 0.428125 0.07738095238095238 0.08125
23 0.4041666666666667 0.45859375 0.048214285714285716 0.08984375
23 0.5190476190476191 0.4296875 0.07083333333333333 0.034375
23 0.36964285714285716 0.13203125 0.10119047619047619 0.09140625
23 0.11964285714285715 0.54140625 0.05357142857142857 0.1015625
23 0.0744047619047619 0.7578125 0.1488095238095238 0.3359375
23 0.039285714285714285 0.10234375 0.07738095238095238 0.18671875
23 0.5678571428571428 0.24765625 0.055357142857142855 0.0609375
23 0.6398809523809523 0.27890625 0.06011904761904762 0.08984375
23 0.675 0.34140625 0.02857142857142857 0.1015625
23 0.4220238095238095 0.5703125 0.03511904761904762 0.10390625
23 0.28214285714285714 0.415625 0.07142857142857142 0.09375
23 0.3 0.31640625 0.06607142857142857 0.05390625
23 0.5779761904761904 0.40234375 0.12023809523809524 0.26640625
23 0.05714285714285714 0.60390625 0.041666666666666664 0.096875