7 0.30416666666666664 0.60390625 0.030952380952380953 0.1078125
7 0.35119047619047616 0.62109375 0.02619047619047619 0.1078125
7 0.3732142857142857 0.62734375 0.02261904761904762 0.090625
7 0.37083333333333335 0.3859375 0.016666666666666666 0.0953125
7 0.36488095238095236 0.3875 0.016666666666666666 0.1125
7 0.39166666666666666 0.36328125 0.025 0.0953125
7 0.39880952380952384 0.60078125 0.025 0.0859375
7 0.42142857142857143 0.5765625 0.02261904761904762 0.090625
7 0.46785714285714286 0.36640625 0.02976190476190476 0.1234375
7 0.4375 0.5921875 0.02619047619047619 0.1109375
7 0.4511904761904762 0.634375 0.02738095238095238 0.0640625
7 0.4988095238095238 0.48203125 0.02857142857142857 0.11875
7 0.4517857142857143 0.79140625 0.02738095238095238 0.0734375
7 0.44583333333333336 0.80078125 0.03214285714285714 0.05625
7 0.5255952380952381 0.665625 0.023809523809523808 0.0828125
7 0.5220238095238096 0.7359375 0.034523809523809526 0.096875
7 0.5375 0.8234375 0.02142857142857143 0.0796875
7 0.4708333333333333 0.95 0.0380952380952381 0.08125
7 0.45714285714285713 0.9 0.02857142857142857 0.071875
7 0.5660714285714286 0.83671875 0.02738095238095238 0.0828125
7 0.594047619047619 0.803125 0.02857142857142857 0.075
7 0.6261904761904762 0.9375 0.02976190476190476 0.0921875
7 0.6101190476190477 0.975 0.039285714285714285 0.05
7 0.6761904761904762 0.78203125 0.02619047619047619 0.0640625
7 0.6898809523809524 0.7640625 0.03214285714285714 0.0875
7 0.625 0.68125 0.04047619047619048 0.053125
7 0.6166666666666667 0.73515625 0.02857142857142857 0.046875
7 0.6422619047619048 0.67109375 0.02738095238095238 0.04375
7 0.7154761904761905 0.6078125 0.039285714285714285 0.071875
7 0.7375 0.47265625 0.034523809523809526 0.0875
7 0.7065476190476191 0.2859375 0.041666666666666664 0.1046875
7 0.6785714285714286 0.50234375 0.025 0.1359375
7 0.65 0.525 0.03333333333333333 0.084375
7 0.65 0.41796875 0.030952380952380953 0.103125
7 0.6523809523809524 0.20078125 0.03214285714285714 0.1
7 0.6029761904761904 0.4046875 0.030952380952380953 0.11875
7 0.6297619047619047 0.153125 0.03214285714285714 0.115625
7 0.6208333333333333 0.0828125 0.02619047619047619 0.1078125
7 0.5630952380952381 0.29375 0.030952380952380953 0.096875
7 0.5488095238095239 0.26953125 0.03214285714285714 0.0515625
7 0.5773809523809523 0.05234375 0.025 0.0921875
7 0.525 0.05 0.025 0.1
7 0.530952380952381 0.27109375 0.025 0.0984375
7 0.4797619047619048 0.22734375 0.025 0.0953125
7 0.48214285714285715 0.02890625 0.0380952380952381 0.0578125
7 0.4261904761904762 0.1828125 0.02857142857142857 0.0984375