23 0.32976190476190476 0.54453125 0.07857142857142857 0.26875
23 0.29464285714285715 0.54296875 0.02619047619047619 0.05625
23 0.32202380952380955 0.321875 0.058333333333333334 0.2546875
23 0.3255952380952381 0.50078125 0.039285714285714285 0.096875
23 0.2833333333333333 0.94609375 0.08333333333333333 0.1078125
23 0.35119047619047616 0.9703125 0.06190476190476191 0.059375
23 0.40476190476190477 0.96640625 0.047619047619047616 0.0671875
23 0.3529761904761905 0.8734375 0.07023809523809524 0.1140625
23 0.4011904761904762 0.91015625 0.0761904761904762 0.0640625
23 0.4244047619047619 0.85625 0.05 0.134375
23 0.44821428571428573 0.9765625 0.02261904761904762 0.046875
23 0.39464285714285713 0.553125 0.023809523809523808 0.0703125
23 0.41785714285714287 0.3234375 0.13095238095238096 0.3875
23 0.35892857142857143 0.30625 0.015476190476190477 0.1015625
23 0.35833333333333334 0.3859375 0.014285714285714285 0.0921875
23 0.3886904761904762 0.6453125 0.0380952380952381 0.2546875
23 0.4160714285714286 0.56796875 0.02738095238095238 0.0921875
23 0.4446428571428571 0.56796875 0.030952380952380953 0.078125
23 0.4642857142857143 0.58828125 0.014285714285714285 0.0625
23 0.4779761904761905 0.3078125 0.09523809523809523 0.3609375
23 0.5886904761904762 0.15390625 0.11190476190476191 0.2875
23 0.5952380952380952 0.30234375 0.04285714285714286 0.06875
23 0.5369047619047619 0.7125 0.13214285714285715 0.4203125
23 0.5095238095238095 0.934375 0.07142857142857142 0.13125
23 0.3107142857142857 0.0328125 0.02142857142857143 0.065625
23 0.3053571428571429 0.75625 0.03333333333333333 0.15
23 0.2767857142857143 0.834375 0.05 0.1140625