23 0.5583333333333333 0.625 0.12023809523809524 0.3015625
23 0.5047619047619047 0.67421875 0.0761904761904762 0.1953125
23 0.5029761904761905 0.83203125 0.12261904761904761 0.3359375
23 0.55 0.8296875 0.04523809523809524 0.1390625
23 0.5672619047619047 0.8 0.047619047619047616 0.0921875
23 0.5952380952380952 0.903125 0.04523809523809524 0.0921875
23 0.6166666666666667 0.05234375 0.06666666666666667 0.075
23 0.5553571428571429 0.0953125 0.05714285714285714 0.1828125
23 0.44702380952380955 0.2328125 0.06785714285714285 0.159375
23 0.3875 0.409375 0.10238095238095238 0.19375
23 0.4041666666666667 0.546875 0.06666666666666667 0.1828125
23 0.30773809523809526 0.6796875 0.055952380952380955 0.1125
23 0.4011904761904762 0.9125 0.0630952380952381 0.1453125
23 0.43333333333333335 0.81875 0.060714285714285714 0.13125
23 0.5767857142857142 0.334375 0.08571428571428572 0.2796875
23 0.6107142857142858 0.30625 0.06428571428571428 0.165625
23 0.513095238095238 0.56953125 0.08571428571428572 0.24375
23 0.4666666666666667 0.5640625 0.04642857142857143 0.109375
23 0.5125 0.31484375 0.04404761904761905 0.15