23 0.5785714285714286 0.3953125 0.21904761904761905 0.090625
23 0.6273809523809524 0.4515625 0.14345238095238094 0.05625
23 0.75 0.4140625 0.25833333333333336 0.08046875
23 0.731547619047619 0.35625 0.10416666666666667 0.0265625
23 0.7053571428571429 0.3421875 0.06488095238095239 0.04296875
23 0.775 0.28125 0.06488095238095239 0.040625
23 0.10654761904761904 0.459375 0.1130952380952381 0.07578125
23 0.18095238095238095 0.5265625 0.15 0.0328125
23 0.31547619047619047 0.63203125 0.11488095238095238 0.0546875
23 0.4601190476190476 0.665625 0.13452380952380952 0.09375
23 0.5577380952380953 0.6109375 0.13452380952380952 0.04765625
23 0.6791666666666667 0.7015625 0.07797619047619048 0.05
23 0.9363095238095238 0.74921875 0.12738095238095237 0.05390625
23 0.8398809523809524 0.525 0.1255952380952381 0.0515625
23 0.7517857142857143 0.5078125 0.09345238095238095 0.0515625
23 0.35892857142857143 0.4421875 0.21071428571428572 0.04609375
23 0.32976190476190476 0.40625 0.12142857142857143 0.04765625
23 0.5482142857142858 0.46640625 0.18035714285714285 0.05625
23 0.5553571428571429 0.52734375 0.07797619047619048 0.03671875
23 0.3601190476190476 0.52890625 0.1130952380952381 0.021875