7 0.5678571428571428 0.76796875 0.08333333333333333 0.0453125
7 0.5833333333333334 0.7078125 0.08333333333333333 0.0390625
7 0.5892857142857143 0.68125 0.06904761904761905 0.034375
7 0.40535714285714286 0.6703125 0.07261904761904762 0.0265625
7 0.40535714285714286 0.68515625 0.08571428571428572 0.028125
7 0.39285714285714285 0.640625 0.07380952380952381 0.0375
7 0.5738095238095238 0.64140625 0.06666666666666667 0.0359375
7 0.5505952380952381 0.61328125 0.06904761904761905 0.034375
7 0.3952380952380952 0.5453125 0.09523809523809523 0.0453125
7 0.5666666666666667 0.5921875 0.08571428571428572 0.040625
7 0.5994047619047619 0.57421875 0.04880952380952381 0.0390625
7 0.4636904761904762 0.50390625 0.09166666666666666 0.04375
7 0.6970238095238095 0.58125 0.05714285714285714 0.0390625
7 0.7267857142857143 0.5796875 0.04404761904761905 0.04375
7 0.6327380952380952 0.48515625 0.06428571428571428 0.0359375
7 0.680952380952381 0.48359375 0.075 0.05
7 0.7482142857142857 0.46796875 0.060714285714285714 0.0328125
7 0.9047619047619048 0.53046875 0.0630952380952381 0.0328125
7 0.8404761904761905 0.56484375 0.0630952380952381 0.0546875
7 0.7898809523809524 0.57109375 0.05476190476190476 0.040625
7 0.9202380952380952 0.46171875 0.07380952380952381 0.0375
7 0.7660714285714286 0.42734375 0.06428571428571428 0.040625
7 0.7333333333333333 0.38515625 0.05714285714285714 0.040625
7 0.8392857142857143 0.359375 0.07023809523809524 0.04375
7 0.8755952380952381 0.38046875 0.05476190476190476 0.0421875
7 0.7178571428571429 0.28125 0.04880952380952381 0.0375
7 0.6916666666666667 0.265625 0.047619047619047616 0.021875
7 0.6446428571428572 0.34609375 0.041666666666666664 0.0546875
7 0.6815476190476191 0.3578125 0.055952380952380955 0.046875
7 0.6375 0.32265625 0.034523809523809526 0.0375
7 0.5845238095238096 0.21875 0.05714285714285714 0.0546875
7 0.475 0.19453125 0.06785714285714285 0.0484375
7 0.3255952380952381 0.22265625 0.08095238095238096 0.059375
7 0.48273809523809524 0.26640625 0.10357142857142858 0.040625
7 0.5154761904761904 0.2984375 0.06547619047619048 0.0484375
7 0.4392857142857143 0.29921875 0.07976190476190476 0.0453125
7 0.2577380952380952 0.28515625 0.0761904761904762 0.046875
7 0.41369047619047616 0.359375 0.09166666666666666 0.046875
7 0.24226190476190476 0.31796875 0.0880952380952381 0.0484375
7 0.17559523809523808 0.328125 0.08333333333333333 0.0390625
7 0.34523809523809523 0.41796875 0.07380952380952381 0.0453125
7 0.30892857142857144 0.41875 0.04047619047619048 0.04375
7 0.1523809523809524 0.38203125 0.09047619047619047 0.040625
7 0.14047619047619048 0.4515625 0.1 0.0421875
7 0.3148809523809524 0.4546875 0.0761904761904762 0.0375
7 0.2904761904761905 0.52109375 0.07380952380952381 0.0375
7 0.10773809523809524 0.50625 0.11071428571428571 0.0640625
7 0.25 0.59375 0.0761904761904762 0.0421875