39 0.7 0.078125 0.18452380952380953 0.07421875
39 0.430952380952381 0.13359375 0.14047619047619048 0.0484375
39 0.21964285714285714 0.1796875 0.11785714285714285 0.04375
39 0.055357142857142855 0.215625 0.08511904761904762 0.04296875
39 0.7648809523809523 0.23125 0.10952380952380952 0.03671875
39 0.5928571428571429 0.253125 0.09226190476190477 0.028125
39 0.4446428571428571 0.27109375 0.07976190476190476 0.02265625
39 0.31607142857142856 0.290625 0.08095238095238096 0.02109375
39 0.20952380952380953 0.30546875 0.06666666666666667 0.02265625
39 0.11011904761904762 0.3203125 0.058333333333333334 0.01875
39 0.794047619047619 0.29453125 0.07976190476190476 0.02109375
39 0.6654761904761904 0.30859375 0.06964285714285715 0.02421875
39 0.5488095238095239 0.31640625 0.06964285714285715 0.015625
39 0.45357142857142857 0.33203125 0.06130952380952381 0.02265625
39 0.3595238095238095 0.33828125 0.0625 0.0171875
39 0.2755952380952381 0.346875 0.05952380952380952 0.01953125
39 0.2 0.35546875 0.04523809523809524 0.0171875
39 0.1357142857142857 0.36328125 0.04404761904761905 0.0171875
39 0.07380952380952381 0.3671875 0.048214285714285716 0.015625
39 0.01607142857142857 0.37421875 0.02976190476190476 0.02109375
39 0.8202380952380952 0.36640625 0.06369047619047619 0.02265625
39 0.7380952380952381 0.371875 0.058333333333333334 0.0140625
39 0.6577380952380952 0.37734375 0.048214285714285716 0.0125
39 0.5880952380952381 0.384375 0.04285714285714286 0.0125
39 0.5190476190476191 0.38515625 0.0380952380952381 0.0171875
39 0.45654761904761904 0.38984375 0.04107142857142857 0.01875
39 0.4 0.39453125 0.04107142857142857 0.0140625
39 0.34404761904761905 0.396875 0.04285714285714286 0.01875
39 0.29404761904761906 0.4 0.03988095238095238 0.015625
39 0.24583333333333332 0.40390625 0.036904761904761905 0.02109375
39 0.1976190476190476 0.409375 0.03154761904761905 0.00859375
39 0.1529761904761905 0.4109375 0.03273809523809524 0.0125
39 0.11369047619047619 0.415625 0.030952380952380953 0.01875
39 0.07678571428571429 0.4171875 0.02261904761904762 0.01015625
39 0.03988095238095238 0.42109375 0.02857142857142857 0.01015625
39 0.11071428571428571 0.4421875 0.030952380952380953 0.0125
39 0.16130952380952382 0.43671875 0.024404761904761905 0.01015625
39 0.19940476190476192 0.434375 0.025595238095238095 0.01484375
39 0.2369047619047619 0.4375 0.02976190476190476 0.01171875
39 0.2732142857142857 0.434375 0.023214285714285715 0.01015625
39 0.32083333333333336 0.43203125 0.03214285714285714 0.009375
39 0.36666666666666664 0.42734375 0.03154761904761905 0.0125
39 0.4101190476190476 0.4265625 0.033928571428571426 0.01328125
39 0.46130952380952384 0.42421875 0.02976190476190476 0.009375
39 0.513095238095238 0.42265625 0.0380952380952381 0.00859375
39 0.5666666666666667 0.4203125 0.02976190476190476 0.0125
39 0.6291666666666667 0.415625 0.03988095238095238 0.0171875
39 0.6886904761904762 0.4125 0.03988095238095238 0.0109375
39 0.7577380952380952 0.41015625 0.04107142857142857 0.01015625
39 0.825 0.40703125 0.04583333333333333 0.0125
39 0.19642857142857142 0.45625 0.023214285714285715 0.01171875
39 0.23095238095238096 0.45390625 0.019642857142857142 0.01015625
39 0.2654761904761905 0.453125 0.02619047619047619 0.01171875
39 0.30297619047619045 0.453125 0.023809523809523808 0.01171875
39 0.3380952380952381 0.4515625 0.02976190476190476 0.01484375
39 0.3761904761904762 0.4515625 0.03214285714285714 0.01484375
39 0.41785714285714287 0.44765625 0.03154761904761905 0.01171875
39 0.46130952380952384 0.446875 0.03333333333333333 0.0125
39 0.506547619047619 0.4484375 0.033928571428571426 0.0109375
39 0.5523809523809524 0.44609375 0.036904761904761905 0.01484375
39 0.6035714285714285 0.44140625 0.03511904761904762 0.01171875
39 0.6553571428571429 0.44140625 0.03988095238095238 0.01328125
39 0.7071428571428572 0.4375 0.047619047619047616 0.01328125
39 0.7702380952380953 0.4359375 0.04583333333333333 0.01328125
39 0.8327380952380953 0.43359375 0.04583333333333333 0.009375
39 0.8339285714285715 0.45625 0.04345238095238095 0.0078125
39 0.7803571428571429 0.45859375 0.039285714285714285 0.01328125
39 0.7303571428571428 0.46015625 0.03571428571428571 0.01015625
39 0.6773809523809524 0.4609375 0.03571428571428571 0.0109375
39 0.6321428571428571 0.4625 0.030952380952380953 0.01015625
39 0.544047619047619 0.46328125 0.03154761904761905 0.01171875
39 0.5017857142857143 0.46484375 0.02619047619047619 0.009375
39 0.46130952380952384 0.46484375 0.027976190476190477 0.01171875
39 0.425 0.4671875 0.029166666666666667 0.01015625
39 0.3875 0.4671875 0.019642857142857142 0.00859375
39 0.3541666666666667 0.46796875 0.022023809523809525 0.009375