23 0.36488095238095236 0.39453125 0.0761904761904762 0.1015625
23 0.28154761904761905 0.43984375 0.09166666666666666 0.0796875
23 0.48988095238095236 0.65859375 0.04523809523809524 0.096875
23 0.6 0.6859375 0.0869047619047619 0.1234375
23 0.5666666666666667 0.4734375 0.07738095238095238 0.1453125
23 0.19047619047619047 0.45703125 0.05357142857142857 0.0828125
23 0.41904761904761906 0.55078125 0.058333333333333334 0.08125
23 0.31726190476190474 0.64609375 0.058333333333333334 0.0703125
23 0.6279761904761905 0.7828125 0.08214285714285714 0.1109375
23 0.5119047619047619 0.7984375 0.039285714285714285 0.0640625
23 0.23809523809523808 0.709375 0.0630952380952381 0.0515625
23 0.25952380952380955 0.63125 0.030952380952380953 0.0390625
23 0.42797619047619045 0.42578125 0.07261904761904762 0.0921875
23 0.6452380952380953 0.61640625 0.0880952380952381 0.1578125
23 0.48333333333333334 0.56171875 0.07142857142857142 0.0796875
23 0.5136904761904761 0.4953125 0.041666666666666664 0.0546875
23 0.28869047619047616 0.27265625 0.0630952380952381 0.0671875
23 0.0875 0.63828125 0.039285714285714285 0.0328125
23 0.45714285714285713 0.87578125 0.060714285714285714 0.0625
23 0.5172619047619048 0.95625 0.07976190476190476 0.0875
23 0.6625 0.86875 0.02738095238095238 0.065625
23 0.6410714285714286 0.92890625 0.05357142857142857 0.05625
23 0.719047619047619 0.475 0.039285714285714285 0.0640625