7 0.625 0.73046875 0.08333333333333333 0.046875
7 0.6261904761904762 0.66640625 0.08333333333333333 0.040625
7 0.6255952380952381 0.6390625 0.06904761904761905 0.0359375
7 0.44761904761904764 0.69921875 0.07261904761904762 0.028125
7 0.4511904761904762 0.71328125 0.08571428571428572 0.0296875
7 0.42916666666666664 0.675 0.07380952380952381 0.0390625
7 0.6023809523809524 0.60703125 0.06666666666666667 0.0375
7 0.5732142857142857 0.5890625 0.06904761904761905 0.0359375
7 0.4101190476190476 0.58359375 0.09523809523809523 0.046875
7 0.5839285714285715 0.5625 0.08571428571428572 0.0421875
7 0.6125 0.53984375 0.05 0.040625
7 0.47023809523809523 0.5234375 0.09166666666666666 0.046875
7 0.7130952380952381 0.50390625 0.05714285714285714 0.040625
7 0.7351190476190477 0.49609375 0.04404761904761905 0.0453125
7 0.6232142857142857 0.43515625 0.06428571428571428 0.0375
7 0.669047619047619 0.41484375 0.075 0.0515625
7 0.7303571428571428 0.37421875 0.06190476190476191 0.034375
7 0.8952380952380953 0.3859375 0.06428571428571428 0.034375
7 0.8416666666666667 0.4453125 0.06428571428571428 0.0546875
7 0.8071428571428572 0.46796875 0.055952380952380955 0.0421875
7 0.8940476190476191 0.31015625 0.07380952380952381 0.0390625
7 0.7398809523809524 0.33984375 0.06428571428571428 0.0421875
7 0.7017857142857142 0.30859375 0.058333333333333334 0.0421875
7 0.794047619047619 0.24375 0.07023809523809524 0.0453125
7 0.8428571428571429 0.246875 0.0761904761904762 0.0609375
7 0.6660714285714285 0.2078125 0.04880952380952381 0.0390625
7 0.6440476190476191 0.2046875 0.06785714285714285 0.046875
7 0.6041666666666666 0.296875 0.041666666666666664 0.0546875
7 0.6357142857142857 0.3078125 0.060714285714285714 0.0703125
7 0.5916666666666667 0.27734375 0.034523809523809526 0.0390625
7 0.5208333333333334 0.21640625 0.05714285714285714 0.05625
7 0.4083333333333333 0.21796875 0.06785714285714285 0.05
7 0.2714285714285714 0.3015625 0.08214285714285714 0.0609375
7 0.43273809523809526 0.29296875 0.10357142857142858 0.0421875
7 0.475 0.3203125 0.06547619047619048 0.05
7 0.4041666666666667 0.340625 0.07976190476190476 0.046875
7 0.22083333333333333 0.3875 0.07738095238095238 0.0484375
7 0.38571428571428573 0.3984375 0.09166666666666666 0.0484375
7 0.2130952380952381 0.425 0.0880952380952381 0.05
7 0.15178571428571427 0.46015625 0.08333333333333333 0.040625
7 0.3339285714285714 0.48046875 0.075 0.046875
7 0.2994047619047619 0.49609375 0.04047619047619048 0.0453125
7 0.14166666666666666 0.52109375 0.09166666666666666 0.04375
7 0.14523809523809525 0.5921875 0.1 0.0453125
7 0.3130952380952381 0.528125 0.0761904761904762 0.040625
7 0.30416666666666664 0.60078125 0.07380952380952381 0.0390625
7 0.12678571428571428 0.65703125 0.11071428571428571 0.0671875
7 0.28214285714285714 0.68515625 0.0761904761904762 0.04375