23 0.02619047619047619 0.43125 0.05238095238095238 0.246875
23 0.11011904761904762 0.88125 0.07380952380952381 0.059375
23 0.6190476190476191 0.753125 0.1738095238095238 0.321875
23 0.5845238095238096 0.86875 0.20952380952380953 0.2625
23 0.6077380952380952 0.98515625 0.06785714285714285 0.0296875
23 0.4976190476190476 0.59609375 0.07857142857142857 0.1109375
23 0.5154761904761904 0.51796875 0.06547619047619048 0.103125
23 0.45416666666666666 0.4140625 0.0880952380952381 0.1
23 0.41309523809523807 0.43359375 0.060714285714285714 0.1015625
23 0.5297619047619048 0.43671875 0.075 0.053125
23 0.430952380952381 0.1046875 0.1130952380952381 0.115625
23 0.12142857142857143 0.43671875 0.06904761904761905 0.1140625
23 0.07083333333333333 0.6359375 0.14166666666666666 0.36875
23 0.1125 0.04375 0.10595238095238095 0.0875
23 0.606547619047619 0.271875 0.0630952380952381 0.075
23 0.6720238095238096 0.321875 0.07261904761904762 0.1046875
23 0.6964285714285714 0.39296875 0.04404761904761905 0.1078125
23 0.4125 0.54765625 0.05119047619047619 0.1109375
23 0.3 0.3578125 0.08452380952380953 0.1109375
23 0.3333333333333333 0.265625 0.07380952380952381 0.0703125
23 0.5916666666666667 0.42578125 0.1595238095238095 0.2921875
23 0.050595238095238096 0.48046875 0.055952380952380955 0.10625