7 0.6910714285714286 0.36953125 0.025 0.10625
7 0.643452380952381 0.359375 0.02023809523809524 0.10625
7 0.6226190476190476 0.35546875 0.017857142857142856 0.0890625
7 0.6428571428571429 0.59609375 0.011904761904761904 0.09375
7 0.6541666666666667 0.59296875 0.010714285714285714 0.1125
7 0.6226190476190476 0.61640625 0.02023809523809524 0.09375
7 0.5946428571428571 0.38203125 0.02023809523809524 0.084375
7 0.5773809523809523 0.4171875 0.017857142857142856 0.0890625
7 0.5505952380952381 0.62890625 0.02261904761904762 0.121875
7 0.5589285714285714 0.39921875 0.02023809523809524 0.109375
7 0.5404761904761904 0.359375 0.025 0.0609375
7 0.5083333333333333 0.546875 0.02261904761904762 0.1171875
7 0.5303571428571429 0.23203125 0.023809523809523808 0.071875
7 0.5244047619047619 0.19375 0.02976190476190476 0.053125
7 0.46785714285714286 0.33046875 0.02023809523809524 0.08125
7 0.4595238095238095 0.26796875 0.02976190476190476 0.09375
7 0.4369047619047619 0.18359375 0.017857142857142856 0.078125
7 0.49583333333333335 0.0484375 0.034523809523809526 0.078125
7 0.5077380952380952 0.11328125 0.025 0.06875
7 0.4041666666666667 0.16640625 0.023809523809523808 0.08125
7 0.3773809523809524 0.215625 0.025 0.071875
7 0.3410714285714286 0.0828125 0.025 0.0890625
7 0.3517857142857143 0.034375 0.02619047619047619 0.0625
7 0.3011904761904762 0.2515625 0.023809523809523808 0.0609375
7 0.29345238095238096 0.28828125 0.011904761904761904 0.0609375
7 0.3613095238095238 0.33671875 0.0380952380952381 0.05
7 0.36428571428571427 0.28671875 0.02976190476190476 0.06875
7 0.34523809523809523 0.35 0.025 0.040625
7 0.275 0.434375 0.03571428571428571 0.06875
7 0.27440476190476193 0.58046875 0.02976190476190476 0.084375
7 0.31845238095238093 0.76953125 0.03571428571428571 0.1015625
7 0.3267857142857143 0.55859375 0.017857142857142856 0.134375
7 0.3458333333333333 0.51171875 0.02976190476190476 0.08125
7 0.35833333333333334 0.61015625 0.025 0.1015625
7 0.3761904761904762 0.84765625 0.02738095238095238 0.096875
7 0.40773809523809523 0.634375 0.025 0.1171875
7 0.4035714285714286 0.8625 0.02619047619047619 0.1125
7 0.42142857142857143 0.946875 0.02023809523809524 0.10625
7 0.4625 0.71328125 0.02619047619047619 0.09375
7 0.46904761904761905 0.76015625 0.02976190476190476 0.0484375
7 0.4648809523809524 0.9546875 0.02023809523809524 0.090625
7 0.5190476190476191 0.9546875 0.02023809523809524 0.090625
7 0.49523809523809526 0.746875 0.02023809523809524 0.096875
7 0.5488095238095239 0.76875 0.02023809523809524 0.09375
7 0.5648809523809524 0.9671875 0.03571428571428571 0.0640625
7 0.6095238095238096 0.809375 0.023809523809523808 0.096875