7 0.2994047619047619 0.25546875 0.09285714285714286 0.03828125
7 0.23452380952380952 0.3328125 0.10476190476190476 0.03671875
7 0.41845238095238096 0.3109375 0.10773809523809524 0.02109375
7 0.4767857142857143 0.27265625 0.07738095238095238 0.02421875
7 0.49404761904761907 0.3 0.06190476190476191 0.034375
7 0.674404761904762 0.23125 0.07083333333333333 0.028125
7 0.6125 0.325 0.04642857142857143 0.0453125
7 0.7130952380952381 0.3515625 0.06785714285714285 0.02578125
7 0.8351190476190476 0.3 0.07083333333333333 0.03125
7 0.8642857142857143 0.31953125 0.04345238095238095 0.03828125
7 0.7595238095238095 0.38203125 0.08630952380952381 0.0171875
7 0.9136904761904762 0.38359375 0.08630952380952381 0.02421875
7 0.768452380952381 0.41640625 0.09285714285714286 0.02421875
7 0.7529761904761905 0.43046875 0.055357142857142855 0.028125
7 0.7422619047619048 0.4296875 0.05892857142857143 0.03671875
7 0.8470238095238095 0.5125 0.07083333333333333 0.03828125
7 0.7964285714285714 0.521875 0.06190476190476191 0.02578125
7 0.6220238095238095 0.46171875 0.09583333333333334 0.04140625
7 0.7053571428571429 0.54609375 0.027976190476190477 0.04375
7 0.7285714285714285 0.5359375 0.0494047619047619 0.046875
7 0.5970238095238095 0.5578125 0.04642857142857143 0.03984375
7 0.4630952380952381 0.51328125 0.09285714285714286 0.0296875
7 0.5726190476190476 0.57578125 0.09583333333333334 0.0296875
7 0.5958333333333333 0.62734375 0.0988095238095238 0.02265625
7 0.3952380952380952 0.66328125 0.08630952380952381 0.02421875
7 0.40595238095238095 0.68671875 0.07083333333333333 0.00859375
7 0.4351190476190476 0.6953125 0.08035714285714286 0.01875
7 0.6005952380952381 0.665625 0.09583333333333334 0.02265625
7 0.6077380952380952 0.68828125 0.08035714285714286 0.03671875
7 0.13095238095238096 0.51484375 0.09583333333333334 0.0296875
7 0.13273809523809524 0.446875 0.08630952380952381 0.02578125
7 0.33035714285714285 0.4421875 0.09285714285714286 0.03671875
7 0.30238095238095236 0.490625 0.0988095238095238 0.0296875
7 0.2517857142857143 0.6359375 0.08333333333333333 0.0328125
7 0.10773809523809524 0.5796875 0.11726190476190476 0.03828125
7 0.2779761904761905 0.553125 0.08035714285714286 0.02265625
7 0.39226190476190476 0.56171875 0.0988095238095238 0.03671875
7 0.5630952380952381 0.596875 0.08333333333333333 0.0140625
7 0.9089285714285714 0.4515625 0.07083333333333333 0.02421875
7 0.5553571428571429 0.21015625 0.06190476190476191 0.05546875
7 0.4398809523809524 0.19296875 0.07083333333333333 0.034375
7 0.3982142857142857 0.3796875 0.09285714285714286 0.0328125
7 0.22380952380952382 0.36953125 0.11428571428571428 0.03125
7 0.1529761904761905 0.384375 0.07738095238095238 0.02265625
7 0.5910714285714286 0.7578125 0.08928571428571429 0.0328125
7 0.6648809523809524 0.32265625 0.03988095238095238 0.03828125
7 0.6869047619047619 0.45390625 0.05892857142857143 0.0328125
7 0.3053571428571429 0.4546875 0.055357142857142855 0.0484375