7 0.5785714285714286 0.76328125 0.08214285714285714 0.040625
7 0.5916666666666667 0.7015625 0.08214285714285714 0.034375
7 0.5964285714285714 0.675 0.06904761904761905 0.0296875
7 0.4125 0.6765625 0.07261904761904762 0.021875
7 0.41309523809523807 0.69140625 0.08571428571428572 0.021875
7 0.39880952380952384 0.64765625 0.07261904761904762 0.0328125
7 0.5791666666666667 0.6359375 0.06547619047619048 0.0328125
7 0.5547619047619048 0.61015625 0.06904761904761905 0.0296875
7 0.3970238095238095 0.55234375 0.09404761904761905 0.0390625
7 0.5702380952380952 0.5875 0.08452380952380953 0.034375
7 0.6023809523809524 0.5671875 0.04880952380952381 0.0359375
7 0.4636904761904762 0.50625 0.09047619047619047 0.0375
7 0.7 0.56796875 0.055952380952380955 0.0359375
7 0.7291666666666666 0.5640625 0.04285714285714286 0.0421875
7 0.6321428571428571 0.47578125 0.0630952380952381 0.03125
7 0.6797619047619048 0.47109375 0.07380952380952381 0.0453125
7 0.7464285714285714 0.45078125 0.060714285714285714 0.028125
7 0.9053571428571429 0.50234375 0.0630952380952381 0.028125
7 0.8428571428571429 0.54140625 0.06190476190476191 0.05
7 0.7922619047619047 0.55078125 0.05476190476190476 0.0375
7 0.9178571428571428 0.4328125 0.07261904761904762 0.0328125
7 0.763095238095238 0.409375 0.0630952380952381 0.0359375
7 0.7285714285714285 0.36953125 0.05714285714285714 0.0375
7 0.8327380952380953 0.3359375 0.07023809523809524 0.0390625
7 0.8708333333333333 0.35546875 0.05476190476190476 0.0390625
7 0.7089285714285715 0.26640625 0.04880952380952381 0.034375
7 0.6821428571428572 0.25234375 0.047619047619047616 0.01875
7 0.638095238095238 0.3359375 0.04047619047619048 0.053125
7 0.6755952380952381 0.3453125 0.05476190476190476 0.04375
7 0.6303571428571428 0.31328125 0.03333333333333333 0.0359375
7 0.5732142857142857 0.21328125 0.05476190476190476 0.0515625
7 0.4630952380952381 0.196875 0.06666666666666667 0.0453125
7 0.3142857142857143 0.23515625 0.07976190476190476 0.0546875
7 0.4738095238095238 0.26796875 0.10357142857142858 0.0328125
7 0.5077380952380952 0.29765625 0.06428571428571428 0.04375
7 0.430952380952381 0.30390625 0.07857142857142857 0.040625
7 0.25 0.3015625 0.0761904761904762 0.0421875
7 0.40773809523809523 0.365625 0.09047619047619047 0.040625
7 0.2357142857142857 0.3359375 0.0880952380952381 0.0421875
7 0.16964285714285715 0.35078125 0.08214285714285714 0.034375
7 0.34226190476190477 0.42890625 0.07380952380952381 0.040625
7 0.305952380952381 0.43203125 0.039285714285714285 0.0421875
7 0.14821428571428572 0.40625 0.09047619047619047 0.034375
7 0.1386904761904762 0.4765625 0.1 0.0359375
7 0.3130952380952381 0.46796875 0.075 0.0328125
7 0.2916666666666667 0.5359375 0.07261904761904762 0.0328125
7 0.10892857142857143 0.53359375 0.10952380952380952 0.0578125
7 0.25416666666666665 0.6109375 0.075 0.0375