7 0.31666666666666665 0.23359375 0.09523809523809523 0.0484375
7 0.24642857142857144 0.303125 0.10714285714285714 0.05
7 0.4303571428571429 0.3125 0.10833333333333334 0.034375
7 0.4922619047619048 0.27109375 0.07857142857142857 0.034375
7 0.5071428571428571 0.3 0.06428571428571428 0.040625
7 0.6916666666666667 0.25234375 0.07261904761904762 0.0359375
7 0.6238095238095238 0.33828125 0.04880952380952381 0.05
7 0.7220238095238095 0.3765625 0.06904761904761905 0.0328125
7 0.8470238095238095 0.3390625 0.07380952380952381 0.0390625
7 0.875 0.36171875 0.04523809523809524 0.0421875
7 0.7666666666666667 0.4125 0.0869047619047619 0.0265625
7 0.9196428571428571 0.43125 0.0869047619047619 0.034375
7 0.7732142857142857 0.44765625 0.09404761904761905 0.0359375
7 0.756547619047619 0.45625 0.055952380952380955 0.034375
7 0.7458333333333333 0.4578125 0.06190476190476191 0.04375
7 0.8446428571428571 0.55234375 0.07380952380952381 0.0453125
7 0.794047619047619 0.55546875 0.0630952380952381 0.03125
7 0.6238095238095238 0.47578125 0.09761904761904762 0.0515625
7 0.7017857142857142 0.56953125 0.030952380952380953 0.046875
7 0.7255952380952381 0.56171875 0.05238095238095238 0.053125
7 0.5928571428571429 0.56875 0.04880952380952381 0.0453125
7 0.4625 0.509375 0.09404761904761905 0.040625
7 0.5672619047619047 0.58359375 0.09642857142857143 0.040625
7 0.5869047619047619 0.6375 0.1 0.0328125
7 0.38452380952380955 0.65078125 0.0869047619047619 0.034375
7 0.39404761904761904 0.675 0.07142857142857142 0.0171875
7 0.4220238095238095 0.6890625 0.08214285714285714 0.028125
7 0.5892857142857143 0.6765625 0.09642857142857143 0.0328125
7 0.5946428571428571 0.7 0.08333333333333333 0.046875
7 0.13154761904761905 0.47265625 0.09642857142857143 0.040625
7 0.1375 0.4046875 0.0869047619047619 0.034375
7 0.3351190476190476 0.42265625 0.09523809523809523 0.0484375
7 0.30357142857142855 0.46796875 0.1 0.040625
7 0.24345238095238095 0.60703125 0.08571428571428572 0.0421875
7 0.10416666666666667 0.534375 0.11904761904761904 0.05
7 0.27440476190476193 0.5375 0.08214285714285714 0.03125
7 0.3886904761904762 0.54921875 0.10119047619047619 0.0484375
7 0.5565476190476191 0.60390625 0.08452380952380953 0.0234375
7 0.9107142857142857 0.4984375 0.07261904761904762 0.0328125
7 0.5744047619047619 0.21796875 0.06547619047619048 0.0625
7 0.4660714285714286 0.1953125 0.07380952380952381 0.0421875
7 0.40654761904761905 0.36875 0.09523809523809523 0.04375
7 0.23333333333333334 0.33828125 0.11547619047619048 0.04375
7 0.1619047619047619 0.3453125 0.07857142857142857 0.03125
7 0.5738095238095238 0.7671875 0.09166666666666666 0.0421875
7 0.6761904761904762 0.3421875 0.04285714285714286 0.0421875
7 0.6892857142857143 0.47578125 0.06190476190476191 0.0390625
7 0.30892857142857144 0.4328125 0.058333333333333334 0.0546875