7 0.5958333333333333 0.746875 0.08035714285714286 0.03125
7 0.6047619047619047 0.684375 0.08035714285714286 0.02421875
7 0.6077380952380952 0.6546875 0.06785714285714285 0.02109375
7 0.4244047619047619 0.67890625 0.07083333333333333 0.0140625
7 0.4261904761904762 0.68671875 0.08630952380952381 0.0125
7 0.40595238095238095 0.65390625 0.07083333333333333 0.02578125
7 0.5851190476190476 0.6234375 0.06488095238095239 0.02421875
7 0.5648809523809524 0.59609375 0.06785714285714285 0.02265625
7 0.4011904761904762 0.55390625 0.09285714285714286 0.028125
7 0.575595238095238 0.5734375 0.08333333333333333 0.02578125
7 0.606547619047619 0.55234375 0.04642857142857143 0.03125
7 0.4863095238095238 0.503125 0.08928571428571429 0.028125
7 0.7255952380952381 0.5375 0.055357142857142855 0.0296875
7 0.7327380952380952 0.54453125 0.03988095238095238 0.03671875
7 0.6232142857142857 0.45234375 0.06190476190476191 0.02578125
7 0.6773809523809524 0.45078125 0.07083333333333333 0.03671875
7 0.7422619047619048 0.42265625 0.05892857142857143 0.02265625
7 0.9071428571428571 0.46015625 0.06190476190476191 0.02109375
7 0.844047619047619 0.49921875 0.05892857142857143 0.04375
7 0.8071428571428572 0.52109375 0.05238095238095238 0.03125
7 0.9119047619047619 0.38359375 0.07083333333333333 0.02421875
7 0.75 0.3828125 0.06190476190476191 0.0296875
7 0.7220238095238095 0.35078125 0.055357142857142855 0.03125
7 0.8208333333333333 0.296875 0.06785714285714285 0.03125
7 0.8690476190476191 0.31328125 0.07083333333333333 0.046875
7 0.6988095238095238 0.2453125 0.04642857142857143 0.0296875
7 0.6839285714285714 0.22890625 0.06488095238095239 0.034375
7 0.6267857142857143 0.32109375 0.036904761904761905 0.0484375
7 0.6684523809523809 0.3265625 0.033928571428571426 0.034375
7 0.6172619047619048 0.29921875 0.030952380952380953 0.0328125
7 0.5630952380952381 0.20859375 0.05238095238095238 0.0453125
7 0.4583333333333333 0.1921875 0.06488095238095239 0.03671875
7 0.3196428571428571 0.2484375 0.07738095238095238 0.0453125
7 0.4863095238095238 0.26640625 0.10178571428571428 0.02265625
7 0.5059523809523809 0.3015625 0.06190476190476191 0.03671875
7 0.4244047619047619 0.3109375 0.07738095238095238 0.03125
7 0.25952380952380955 0.3265625 0.07380952380952381 0.034375
7 0.41845238095238096 0.3734375 0.08928571428571429 0.03125
7 0.2255952380952381 0.36015625 0.08630952380952381 0.0328125
7 0.17261904761904762 0.378125 0.08035714285714286 0.02421875
7 0.3380952380952381 0.43515625 0.07083333333333333 0.0328125
7 0.32083333333333336 0.45625 0.036904761904761905 0.03828125
7 0.14345238095238094 0.43671875 0.08928571428571429 0.02578125
7 0.14523809523809525 0.50625 0.0988095238095238 0.02578125
7 0.3238095238095238 0.4796875 0.07380952380952381 0.02578125
7 0.29464285714285715 0.55 0.07083333333333333 0.02421875
7 0.1125 0.5640625 0.10773809523809524 0.0453125
7 0.2654761904761905 0.62421875 0.07380952380952381 0.0296875