7 0.4357142857142857 0.23046875 0.08333333333333333 0.046875
7 0.41904761904761906 0.28984375 0.08333333333333333 0.040625
7 0.41309523809523807 0.31640625 0.06904761904761905 0.0359375
7 0.5970238095238095 0.33203125 0.07261904761904762 0.028125
7 0.5904761904761905 0.31796875 0.08571428571428572 0.0296875
7 0.6089285714285714 0.36171875 0.07380952380952381 0.0390625
7 0.42797619047619045 0.35703125 0.06666666666666667 0.0375
7 0.4511904761904762 0.38515625 0.06904761904761905 0.0359375
7 0.6053571428571428 0.45703125 0.09523809523809523 0.046875
7 0.43452380952380953 0.40625 0.08571428571428572 0.0421875
7 0.4011904761904762 0.4234375 0.05 0.040625
7 0.5363095238095238 0.49765625 0.09166666666666666 0.046875
7 0.30416666666666664 0.4140625 0.05714285714285714 0.040625
7 0.27440476190476193 0.41484375 0.04404761904761905 0.0453125
7 0.3672619047619048 0.51171875 0.06428571428571428 0.0375
7 0.319047619047619 0.5125 0.075 0.0515625
7 0.2517857142857143 0.5265625 0.06190476190476191 0.034375
7 0.09583333333333334 0.46015625 0.06428571428571428 0.034375
7 0.16071428571428573 0.42734375 0.06428571428571428 0.0546875
7 0.2113095238095238 0.42265625 0.055952380952380955 0.0421875
7 0.07976190476190476 0.52890625 0.07380952380952381 0.0390625
7 0.23273809523809524 0.56640625 0.06428571428571428 0.0421875
7 0.2648809523809524 0.609375 0.058333333333333334 0.0421875
7 0.15892857142857142 0.63359375 0.07023809523809524 0.0453125
7 0.12261904761904761 0.6109375 0.055952380952380955 0.04375
7 0.2791666666666667 0.71328125 0.04880952380952381 0.0390625
7 0.3053571428571429 0.7296875 0.047619047619047616 0.0234375
7 0.3535714285714286 0.65078125 0.041666666666666664 0.0546875
7 0.31666666666666665 0.63828125 0.055952380952380955 0.0484375
7 0.3601190476190476 0.67421875 0.034523809523809526 0.0390625
7 0.4113095238095238 0.77890625 0.05714285714285714 0.05625
7 0.5208333333333334 0.80546875 0.06785714285714285 0.05
7 0.6708333333333333 0.78125 0.08214285714285714 0.0609375
7 0.5136904761904761 0.73359375 0.10357142857142858 0.0421875
7 0.48154761904761906 0.70078125 0.06547619047619048 0.05
7 0.5583333333333333 0.7015625 0.07976190476190476 0.046875
7 0.7392857142857143 0.7203125 0.07738095238095238 0.0484375
7 0.5845238095238096 0.6421875 0.09166666666666666 0.0484375
7 0.7553571428571428 0.6875 0.0880952380952381 0.05
7 0.8220238095238095 0.67890625 0.08333333333333333 0.040625
7 0.6726190476190477 0.596875 0.055952380952380955 0.0296875
7 0.6898809523809524 0.58515625 0.04047619047619048 0.0453125
7 0.8458333333333333 0.62578125 0.09166666666666666 0.04375
7 0.8589285714285714 0.55625 0.1 0.0453125
7 0.6845238095238095 0.54921875 0.0761904761904762 0.040625
7 0.7101190476190476 0.48359375 0.07380952380952381 0.0390625
7 0.8922619047619048 0.50234375 0.11071428571428571 0.0671875
7 0.7511904761904762 0.4125 0.0761904761904762 0.04375