39 0.5125 0.090625 0.030952380952380953 0.08203125
39 0.5119047619047619 0.18203125 0.02619047619047619 0.05546875
39 0.5089285714285714 0.246875 0.022023809523809525 0.05078125
39 0.5089285714285714 0.303125 0.02023809523809524 0.040625
39 0.5059523809523809 0.3453125 0.020833333333333332 0.034375
39 0.506547619047619 0.378125 0.017261904761904763 0.0328125
39 0.5041666666666667 0.40859375 0.01607142857142857 0.02421875
39 0.5035714285714286 0.43203125 0.01130952380952381 0.02265625
39 0.5047619047619047 0.4546875 0.01130952380952381 0.01796875
39 0.5041666666666667 0.471875 0.014285714285714285 0.0203125
39 0.5023809523809524 0.4890625 0.01607142857142857 0.01640625
39 0.5023809523809524 0.50390625 0.0125 0.0109375