39 0.4494047619047619 0.9046875 0.0380952380952381 0.0859375
39 0.4589285714285714 0.8140625 0.030952380952380953 0.059375
39 0.46785714285714286 0.75 0.02619047619047619 0.053125
39 0.4726190476190476 0.69375 0.023809523809523808 0.04375
39 0.4797619047619048 0.65234375 0.025 0.0375
39 0.48214285714285715 0.61953125 0.01904761904761905 0.0359375
39 0.4875 0.58984375 0.01904761904761905 0.028125
39 0.48988095238095236 0.5671875 0.014285714285714285 0.0234375
39 0.49107142857142855 0.54453125 0.013095238095238096 0.0203125
39 0.493452380952381 0.52734375 0.015476190476190477 0.021875
39 0.49642857142857144 0.51015625 0.017857142857142856 0.01875
39 0.4982142857142857 0.49609375 0.013095238095238096 0.0125