39 0.9005952380952381 0.28828125 0.030952380952380953 0.03125
39 0.868452380952381 0.2546875 0.03571428571428571 0.04375
39 0.8261904761904761 0.21484375 0.03571428571428571 0.04140625
39 0.7791666666666667 0.16796875 0.04702380952380952 0.05390625
39 0.7101190476190476 0.1046875 0.0625 0.0609375
39 0.6172619047619048 0.02734375 0.07976190476190476 0.0546875
39 0.7494047619047619 0.32890625 0.03571428571428571 0.02734375
39 0.7071428571428572 0.3015625 0.02857142857142857 0.0296875
39 0.6607142857142857 0.27890625 0.036904761904761905 0.04140625
39 0.6029761904761904 0.2421875 0.05238095238095238 0.04140625
39 0.525 0.2 0.06130952380952381 0.03671875
39 0.43333333333333335 0.1515625 0.07976190476190476 0.05234375
39 0.3196428571428571 0.0953125 0.0880952380952381 0.05078125
39 0.16488095238095238 0.0234375 0.10238095238095238 0.046875
39 0.08452380952380953 0.16015625 0.10357142857142858 0.046875
39 0.225 0.21015625 0.08392857142857142 0.0453125
39 0.32857142857142857 0.24453125 0.06666666666666667 0.0453125
39 0.40714285714285714 0.2734375 0.058333333333333334 0.03828125
39 0.48214285714285715 0.30078125 0.05238095238095238 0.028125
39 0.5416666666666666 0.32421875 0.0380952380952381 0.028125
39 0.5922619047619048 0.34296875 0.033928571428571426 0.0328125
39 0.6363095238095238 0.35703125 0.030952380952380953 0.0328125