39 0.9107142857142857 0.32578125 0.03214285714285714 0.034375
39 0.8803571428571428 0.2890625 0.0380952380952381 0.046875
39 0.8404761904761905 0.2453125 0.0380952380952381 0.04375
39 0.7964285714285714 0.19453125 0.05 0.0578125
39 0.7303571428571428 0.125 0.06547619047619048 0.0671875
39 0.6422619047619048 0.0390625 0.08214285714285714 0.0625
39 0.7577380952380952 0.35234375 0.036904761904761905 0.03125
39 0.7172619047619048 0.32109375 0.02976190476190476 0.0328125
39 0.6720238095238096 0.29453125 0.039285714285714285 0.04375
39 0.6166666666666667 0.25234375 0.05476190476190476 0.0453125
39 0.5410714285714285 0.203125 0.06428571428571428 0.04375
39 0.4517857142857143 0.14609375 0.08214285714285714 0.0609375
39 0.3416666666666667 0.0796875 0.09047619047619047 0.0578125
39 0.19047619047619047 0.0109375 0.10476190476190476 0.021875
39 0.10357142857142858 0.12265625 0.10595238095238095 0.05625
39 0.24107142857142858 0.1859375 0.08571428571428572 0.053125
39 0.34285714285714286 0.2296875 0.06904761904761905 0.0515625
39 0.41964285714285715 0.265625 0.060714285714285714 0.0421875
39 0.4928571428571429 0.3 0.05357142857142857 0.0328125
39 0.5511904761904762 0.328125 0.039285714285714285 0.03125
39 0.6005952380952381 0.3515625 0.034523809523809526 0.0359375
39 0.643452380952381 0.36953125 0.03214285714285714 0.0359375