39 0.2154761904761905 0.94296875 0.06428571428571428 0.090625
39 0.2857142857142857 0.84375 0.058333333333333334 0.0703125
39 0.3398809523809524 0.78046875 0.05 0.0703125
39 0.3744047619047619 0.7265625 0.02619047619047619 0.0375
39 0.4 0.69921875 0.036904761904761905 0.034375
39 0.4220238095238095 0.671875 0.02976190476190476 0.040625
39 0.10952380952380952 0.33515625 0.06547619047619048 0.075
39 0.20357142857142857 0.3515625 0.055952380952380955 0.0578125
39 0.2654761904761905 0.37109375 0.04285714285714286 0.0484375
39 0.3125 0.3796875 0.0380952380952381 0.040625
39 0.34404761904761905 0.38671875 0.039285714285714285 0.05