39 0.23511904761904762 0.03671875 0.058333333333333334 0.06796875
39 0.29285714285714287 0.1484375 0.04285714285714286 0.06640625
39 0.3279761904761905 0.23203125 0.04523809523809524 0.05234375
39 0.3601190476190476 0.28828125 0.024404761904761905 0.028125
39 0.3744047619047619 0.32734375 0.018452380952380953 0.04375
39 0.3898809523809524 0.36171875 0.026785714285714284 0.0328125
39 0.7101190476190476 0.0375 0.04523809523809524 0.075
39 0.6767857142857143 0.15390625 0.03273809523809524 0.06640625
39 0.6482142857142857 0.22890625 0.02976190476190476 0.0484375
39 0.631547619047619 0.2875 0.024404761904761905 0.04375
39 0.6190476190476191 0.32578125 0.030952380952380953 0.04375