39 0.2845238095238095 0.03671875 0.0380952380952381 0.0734375
39 0.32202380952380955 0.1515625 0.0380952380952381 0.05859375
39 0.3529761904761905 0.228125 0.02976190476190476 0.05859375
39 0.36547619047619045 0.284375 0.018452380952380953 0.04296875
39 0.3821428571428571 0.321875 0.017261904761904763 0.03828125
39 0.3869047619047619 0.35625 0.024404761904761905 0.03125
39 0.606547619047619 0.3625 0.025595238095238095 0.028125
39 0.6238095238095238 0.33046875 0.019642857142857142 0.04140625
39 0.6398809523809523 0.28515625 0.02976190476190476 0.06640625
39 0.6625 0.23359375 0.04107142857142857 0.05234375
39 0.7017857142857142 0.15546875 0.0625 0.0640625
39 0.7571428571428571 0.03828125 0.03988095238095238 0.0765625