39 0.8101190476190476 0.14140625 0.06190476190476191 0.0625
39 0.7303571428571428 0.209375 0.05119047619047619 0.059375
39 0.6785714285714286 0.2625 0.05 0.0484375
39 0.6386904761904761 0.2890625 0.03571428571428571 0.0328125
39 0.6130952380952381 0.31640625 0.030952380952380953 0.028125
39 0.5880952380952381 0.32890625 0.02738095238095238 0.0359375
39 0.6214285714285714 0.6140625 0.02619047619047619 0.0390625
39 0.6488095238095238 0.63046875 0.03333333333333333 0.03125
39 0.6857142857142857 0.64375 0.05476190476190476 0.05
39 0.7279761904761904 0.6640625 0.04642857142857143 0.0609375
39 0.7934523809523809 0.70078125 0.05952380952380952 0.0921875
39 0.8910714285714286 0.75234375 0.06428571428571428 0.065625