23 0.6613095238095238 0.5171875 0.05892857142857143 0.1265625
23 0.43154761904761907 0.12265625 0.10952380952380952 0.128125
23 0.4398809523809524 0.23828125 0.07380952380952381 0.06015625
23 0.1625 0.25859375 0.07976190476190476 0.10625
23 0.31666666666666665 0.2109375 0.14047619047619048 0.09375
23 0.6226190476190476 0.865625 0.1113095238095238 0.08984375
23 0.7017857142857142 0.7421875 0.06011904761904762 0.1046875
23 0.7541666666666667 0.8609375 0.125 0.15703125
23 0.975 0.8515625 0.04345238095238095 0.08359375
23 0.8452380952380952 0.56484375 0.13988095238095238 0.19453125
23 0.7761904761904762 0.21484375 0.1130952380952381 0.225
23 0.5434523809523809 0.365625 0.07797619047619048 0.1015625
23 0.5011904761904762 0.34140625 0.05119047619047619 0.06640625
23 0.3892857142857143 0.4046875 0.042261904761904764 0.13203125
23 0.305952380952381 0.57578125 0.05416666666666667 0.06484375
23 0.2833333333333333 0.5140625 0.026785714285714284 0.04609375
23 0.31607142857142856 0.66171875 0.05119047619047619 0.0359375
23 0.2577380952380952 0.62734375 0.06488095238095239 0.059375
23 0.580952380952381 0.74609375 0.04404761904761905 0.084375
23 0.8970238095238096 0.715625 0.14345238095238094 0.13203125
23 0.9732142857142857 0.84609375 0.044642857142857144 0.07265625
23 0.8636904761904762 0.85703125 0.07261904761904762 0.08203125
23 0.37857142857142856 0.528125 0.08571428571428572 0.09765625
23 0.02023809523809524 0.6421875 0.03988095238095238 0.11484375
23 0.12738095238095237 0.4359375 0.14642857142857144 0.11015625
23 0.530952380952381 0.171875 0.13333333333333333 0.1296875