23 0.5910714285714286 0.90546875 0.14166666666666666 0.1890625
23 0.44642857142857145 0.67265625 0.09047619047619047 0.1125
23 0.3482142857142857 0.7015625 0.12142857142857143 0.1453125
23 0.3148809523809524 0.828125 0.09523809523809523 0.1015625
23 0.49047619047619045 0.875 0.09761904761904762 0.140625
23 0.49523809523809526 0.6921875 0.05952380952380952 0.0890625
23 0.6089285714285714 0.5921875 0.06904761904761905 0.1375
23 0.8494047619047619 0.684375 0.0630952380952381 0.121875
23 0.6089285714285714 0.46015625 0.08452380952380953 0.0734375
23 0.6702380952380952 0.34296875 0.0869047619047619 0.1625
23 0.7017857142857142 0.45390625 0.05357142857142857 0.0765625
23 0.7303571428571428 0.3109375 0.058333333333333334 0.1109375
23 0.981547619047619 0.16171875 0.036904761904761905 0.2390625
23 0.32857142857142857 0.1578125 0.11190476190476191 0.090625
23 0.18988095238095237 0.1953125 0.14166666666666666 0.1890625
23 0.2523809523809524 0.3234375 0.075 0.1
23 0.22023809523809523 0.43203125 0.10952380952380952 0.103125
23 0.07083333333333333 0.409375 0.1392857142857143 0.1078125
23 0.1261904761904762 0.565625 0.16785714285714284 0.2046875
23 0.31726190476190474 0.5421875 0.08333333333333333 0.1453125
23 0.11785714285714285 0.83984375 0.0630952380952381 0.0734375
23 0.07321428571428572 0.721875 0.14642857142857144 0.2375
23 0.5613095238095238 0.7828125 0.07380952380952381 0.05625
23 0.7077380952380953 0.77265625 0.1380952380952381 0.14375
23 0.7214285714285714 0.834375 0.06190476190476191 0.0859375
23 0.3869047619047619 0.27265625 0.058333333333333334 0.0921875
23 0.5744047619047619 0.321875 0.08333333333333333 0.115625
23 0.22023809523809523 0.884375 0.11904761904761904 0.190625
23 0.2375 0.02578125 0.12023809523809524 0.0515625