23 0.4845238095238095 0.43359375 0.05892857142857143 0.046875
23 0.32202380952380955 0.4859375 0.05892857142857143 0.04296875
23 0.40654761904761905 0.51953125 0.041666666666666664 0.07109375
23 0.4446428571428571 0.6828125 0.05952380952380952 0.06953125
23 0.5327380952380952 0.66640625 0.03630952380952381 0.04453125
23 0.5416666666666666 0.56953125 0.048214285714285716 0.06328125
23 0.5732142857142857 0.51484375 0.041666666666666664 0.04375
23 0.5017857142857143 0.5015625 0.05 0.06875
23 0.6797619047619048 0.62109375 0.09464285714285714 0.11015625
23 0.6815476190476191 0.68515625 0.10773809523809524 0.09140625
23 0.7279761904761904 0.7515625 0.06428571428571428 0.04140625
23 0.7839285714285714 0.71171875 0.02619047619047619 0.01796875
23 0.4488095238095238 0.7671875 0.055952380952380955 0.04765625
23 0.49583333333333335 0.75078125 0.08273809523809524 0.07109375
23 0.5910714285714286 0.6453125 0.029166666666666667 0.025
23 0.6732142857142858 0.4640625 0.09464285714285714 0.10078125
23 0.6946428571428571 0.5 0.047619047619047616 0.034375
23 0.8940476190476191 0.5515625 0.07142857142857142 0.07265625
23 0.30714285714285716 0.590625 0.034523809523809526 0.02890625
23 0.24404761904761904 0.521875 0.06964285714285715 0.028125