23 0.6148809523809524 0.6609375 0.047619047619047616 0.109375
23 0.680952380952381 0.76875 0.07380952380952381 0.06171875
23 0.7702380952380953 0.6875 0.11726190476190476 0.16171875
23 0.8035714285714286 0.8265625 0.10773809523809524 0.115625
23 0.6851190476190476 0.93984375 0.09464285714285714 0.1140625
23 0.5696428571428571 0.9390625 0.08095238095238096 0.08515625
23 0.6535714285714286 0.84140625 0.04345238095238095 0.08359375
23 0.6130952380952381 0.53125 0.10178571428571428 0.0953125
23 0.44821428571428573 0.32265625 0.09642857142857143 0.1203125
23 0.2154761904761905 0.40859375 0.0625 0.1046875
23 0.34226190476190477 0.37578125 0.10654761904761904 0.07890625
23 0.3875 0.6375 0.0630952380952381 0.06796875
23 0.4005952380952381 0.53984375 0.0375 0.1078125
23 0.058333333333333334 0.73671875 0.07976190476190476 0.14375
23 0.28214285714285714 0.71171875 0.05892857142857143 0.06484375
23 0.7279761904761904 0.409375 0.09107142857142857 0.18359375
23 0.5363095238095238 0.278125 0.052976190476190475 0.05234375
23 0.18095238095238095 0.5484375 0.1255952380952381 0.109375