23 0.43452380952380953 0.38671875 0.11428571428571428 0.1390625
23 0.4011904761904762 0.609375 0.04880952380952381 0.1234375
23 0.21726190476190477 0.4859375 0.07380952380952381 0.1015625
23 0.07559523809523809 0.82109375 0.08333333333333333 0.1546875
23 0.2976190476190476 0.7828125 0.060714285714285714 0.0515625
23 0.3351190476190476 0.73515625 0.05238095238095238 0.0578125
23 0.32142857142857145 0.68515625 0.04642857142857143 0.065625
23 0.39285714285714285 0.70703125 0.06666666666666667 0.0875
23 0.3488095238095238 0.80390625 0.06666666666666667 0.0625
23 0.6190476190476191 0.69296875 0.05238095238095238 0.0921875
23 0.5946428571428571 0.63828125 0.07023809523809524 0.05625
23 0.6053571428571428 0.5828125 0.0988095238095238 0.1015625
23 0.6375 0.49453125 0.055952380952380955 0.0703125
23 0.7767857142857143 0.73125 0.11547619047619048 0.165625
23 0.6904761904761905 0.80078125 0.09642857142857143 0.0703125
23 0.6607142857142857 0.87890625 0.04642857142857143 0.075
23 0.5916666666666667 0.95859375 0.07738095238095238 0.071875
23 0.6827380952380953 0.94921875 0.08928571428571429 0.078125
23 0.75 0.9203125 0.10952380952380952 0.125
23 0.794047619047619 0.8453125 0.07380952380952381 0.09375
23 0.3345238095238095 0.44921875 0.1130952380952381 0.090625
23 0.19107142857142856 0.6296875 0.12380952380952381 0.1109375
23 0.5285714285714286 0.328125 0.02857142857142857 0.0546875
23 0.7142857142857143 0.45078125 0.10595238095238095 0.1734375
23 0.8077380952380953 0.61484375 0.07738095238095238 0.15625
23 0.8351190476190476 0.43828125 0.07857142857142857 0.1171875
23 0.5321428571428571 0.56875 0.05952380952380952 0.0921875
23 0.5577380952380953 0.87734375 0.036904761904761905 0.06875
23 0.49702380952380953 0.55 0.041666666666666664 0.078125