23 0.4529761904761905 0.496875 0.0886904761904762 0.1296875
23 0.22738095238095238 0.56796875 0.07261904761904762 0.1140625
23 0.06845238095238096 0.88828125 0.08511904761904762 0.14375
23 0.3964285714285714 0.8109375 0.06845238095238096 0.08203125
23 0.611904761904762 0.83671875 0.050595238095238096 0.1203125
23 0.6357142857142857 0.98203125 0.03630952380952381 0.03515625
23 0.6452380952380953 0.628125 0.060714285714285714 0.1265625
23 0.6214285714285714 0.71171875 0.06785714285714285 0.0953125
23 0.5202380952380953 0.6890625 0.0761904761904762 0.10625
23 0.40476190476190477 0.70546875 0.04702380952380952 0.1234375
23 0.3488095238095238 0.54296875 0.10178571428571428 0.1046875
23 0.3517857142857143 0.353125 0.07261904761904762 0.08046875
23 0.794047619047619 0.68359375 0.060714285714285714 0.08359375
23 0.7589285714285714 0.87109375 0.10952380952380952 0.15625
23 0.3327380952380952 0.8421875 0.06190476190476191 0.06640625
23 0.3130952380952381 0.79140625 0.0375 0.04296875