23 0.44107142857142856 0.584375 0.11547619047619048 0.15625
23 0.5684523809523809 0.46015625 0.09761904761904762 0.125
23 0.6541666666666667 0.31875 0.1 0.0875
23 0.7916666666666666 0.23671875 0.07261904761904762 0.0828125
23 0.6589285714285714 0.1234375 0.14523809523809525 0.175
23 0.7148809523809524 0.66640625 0.05119047619047619 0.0875
23 0.6785714285714286 0.60625 0.07738095238095238 0.109375
23 0.6851190476190476 0.70859375 0.039285714285714285 0.06875
23 0.5428571428571428 0.865625 0.08095238095238096 0.09375
23 0.4976190476190476 0.709375 0.0880952380952381 0.1390625
23 0.7511904761904762 0.728125 0.055952380952380955 0.078125
23 0.4601190476190476 0.2203125 0.15833333333333333 0.1578125
23 0.5142857142857142 0.1046875 0.06190476190476191 0.08125
23 0.45357142857142857 0.47890625 0.09642857142857143 0.1453125