23 0.41904761904761906 0.3 0.1261904761904762 0.16875
23 0.5077380952380952 0.3109375 0.11190476190476191 0.1140625
23 0.6327380952380952 0.46171875 0.09285714285714286 0.1203125
23 0.643452380952381 0.36328125 0.0761904761904762 0.0875
23 0.5345238095238095 0.4734375 0.08452380952380953 0.1296875
23 0.5005952380952381 0.45625 0.05714285714285714 0.0703125
23 0.40535714285714286 0.53046875 0.0630952380952381 0.1234375
23 0.40654761904761905 0.6234375 0.06904761904761905 0.0859375
23 0.32916666666666666 0.640625 0.030952380952380953 0.0546875
23 0.3541666666666667 0.6921875 0.05357142857142857 0.090625
23 0.6446428571428572 0.88125 0.10238095238095238 0.121875
23 0.7089285714285715 0.775 0.060714285714285714 0.0890625
23 0.7303571428571428 0.6765625 0.10595238095238095 0.0890625
23 0.6458333333333334 0.58671875 0.06428571428571428 0.1234375
23 0.8113095238095238 0.5921875 0.14761904761904762 0.190625
23 0.8720238095238095 0.71953125 0.1380952380952381 0.1578125
23 0.7571428571428571 0.859375 0.11071428571428571 0.134375
23 0.2011904761904762 0.44375 0.08333333333333333 0.1203125
23 0.08392857142857142 0.81640625 0.10952380952380952 0.1703125