23 0.45416666666666666 0.534375 0.047619047619047616 0.0859375
23 0.5297619047619048 0.73046875 0.04642857142857143 0.0859375
23 0.5357142857142857 0.61484375 0.0630952380952381 0.06875
23 0.6482142857142857 0.5296875 0.06428571428571428 0.0921875
23 0.6160714285714286 0.4203125 0.04047619047619048 0.05625
23 0.5422619047619047 0.43125 0.05714285714285714 0.075
23 0.49464285714285716 0.403125 0.041666666666666664 0.0625
23 0.5005952380952381 0.49765625 0.06190476190476191 0.0796875
23 0.549404761904762 0.24296875 0.10238095238095238 0.146875
23 0.5964285714285714 0.2265625 0.09166666666666666 0.1578125
23 0.6357142857142857 0.1515625 0.04404761904761905 0.090625
23 0.593452380952381 0.0890625 0.02023809523809524 0.0375
23 0.7101190476190476 0.50546875 0.047619047619047616 0.0828125
23 0.6869047619047619 0.44921875 0.07261904761904762 0.1234375
23 0.5875 0.35078125 0.025 0.0421875
23 0.43452380952380953 0.28671875 0.09523809523809523 0.14375
23 0.45595238095238094 0.25078125 0.03571428571428571 0.06875
23 0.45535714285714285 0.01875 0.058333333333333334 0.0375
23 0.6107142857142858 0.7265625 0.02857142857142857 0.05
23 0.5738095238095238 0.82265625 0.036904761904761905 0.0953125