23 0.625 0.6921875 0.10892857142857143 0.18671875
23 0.28869047619047616 0.16796875 0.15119047619047618 0.18046875
23 0.29404761904761906 0.31796875 0.11190476190476191 0.08125
23 0.4297619047619048 0.22421875 0.14285714285714285 0.203125
23 0.42678571428571427 0.08046875 0.07916666666666666 0.09765625
23 0.6464285714285715 0.29921875 0.14523809523809525 0.12890625
23 0.5625 0.46796875 0.1375 0.15546875
23 0.6535714285714286 0.475 0.06964285714285715 0.12734375
23 0.4226190476190476 0.4828125 0.1386904761904762 0.1125
23 0.3738095238095238 0.45078125 0.08333333333333333 0.090625
23 0.4261904761904762 0.3640625 0.055952380952380955 0.059375
23 0.034523809523809526 0.396875 0.06666666666666667 0.1421875
23 0.14702380952380953 0.3125 0.15 0.18828125
23 0.19047619047619047 0.0625 0.12261904761904761 0.09609375
23 0.8017857142857143 0.18515625 0.2119047619047619 0.32734375
23 0.8714285714285714 0.265625 0.12261904761904761 0.1203125
23 0.9625 0.28203125 0.075 0.1171875
23 0.7839285714285714 0.8578125 0.21845238095238095 0.16875
23 0.9696428571428571 0.91328125 0.060714285714285714 0.1734375
23 0.7023809523809523 0.959375 0.09047619047619047 0.08046875
23 0.8458333333333333 0.9140625 0.1488095238095238 0.171875
23 0.2357142857142857 0.68984375 0.12916666666666668 0.11875
23 0.23095238095238096 0.53359375 0.09642857142857143 0.1140625
23 0.04880952380952381 0.52109375 0.09523809523809523 0.09921875
23 0.044642857142857144 0.86015625 0.07678571428571429 0.0859375
23 0.23273809523809524 0.91328125 0.0630952380952381 0.09765625
23 0.21666666666666667 0.753125 0.1625 0.15703125
23 0.12380952380952381 0.68203125 0.05714285714285714 0.0546875
23 0.6410714285714286 0.07265625 0.08928571428571429 0.09296875
23 0.8803571428571428 0.63046875 0.12380952380952381 0.12734375
23 0.9648809523809524 0.60546875 0.07023809523809524 0.1484375
23 0.7351190476190477 0.63515625 0.13154761904761905 0.1484375
23 0.5505952380952381 0.57734375 0.16845238095238096 0.0890625
23 0.5333333333333333 0.1078125 0.10892857142857143 0.15234375
23 0.5529761904761905 0.9484375 0.12261904761904761 0.103125