23 0.36964285714285716 0.6390625 0.0869047619047619 0.0703125
23 0.2833333333333333 0.71796875 0.05238095238095238 0.1015625
23 0.3386904761904762 0.840625 0.13214285714285715 0.1640625
23 0.23035714285714284 0.875 0.09523809523809523 0.1484375
23 0.1529761904761905 0.71171875 0.09285714285714286 0.1328125
23 0.16130952380952382 0.5609375 0.07023809523809524 0.1125
23 0.22976190476190475 0.67734375 0.06666666666666667 0.0640625
23 0.46845238095238095 0.64609375 0.07976190476190476 0.140625
23 0.6386904761904761 0.44453125 0.09761904761904762 0.134375
23 0.5892857142857143 0.13359375 0.08333333333333333 0.0890625
23 0.6053571428571428 0.30234375 0.06666666666666667 0.1453125
23 0.4035714285714286 0.34296875 0.05714285714285714 0.0875
23 0.4767857142857143 0.3671875 0.08452380952380953 0.0578125
23 0.3541666666666667 0.2 0.05357142857142857 0.0828125
23 0.5529761904761905 0.8046875 0.14642857142857144 0.1328125
23 0.6660714285714285 0.56328125 0.04404761904761905 0.071875
23 0.4851190476190476 0.0828125 0.09166666666666666 0.165625