23 0.4494047619047619 0.28359375 0.10654761904761904 0.1453125
23 0.5351190476190476 0.31640625 0.1 0.08984375
23 0.6357142857142857 0.4953125 0.07976190476190476 0.1015625
23 0.6607142857142857 0.4015625 0.06607142857142857 0.07109375
23 0.5375 0.4828125 0.06964285714285715 0.1140625
23 0.5071428571428571 0.45703125 0.0494047619047619 0.05859375
23 0.4023809523809524 0.50625 0.047619047619047616 0.1140625
23 0.3904761904761905 0.59765625 0.06011904761904762 0.07265625
23 0.3119047619047619 0.5953125 0.024404761904761905 0.04921875
23 0.32916666666666666 0.65234375 0.04345238095238095 0.08203125
23 0.5863095238095238 0.91015625 0.08928571428571429 0.1015625
23 0.6648809523809524 0.821875 0.050595238095238096 0.07890625
23 0.700595238095238 0.73125 0.09702380952380953 0.06484375
23 0.6303571428571428 0.621875 0.04880952380952381 0.1140625
23 0.7922619047619047 0.66875 0.1255952380952381 0.16171875
23 0.8333333333333334 0.80859375 0.12142857142857143 0.1296875
23 0.7 0.9171875 0.09642857142857143 0.1125
23 0.2148809523809524 0.3703125 0.06845238095238096 0.1046875
23 0.04583333333333333 0.70625 0.08928571428571429 0.15