23 0.4791666666666667 0.2890625 0.10714285714285714 0.103125
23 0.23273809523809524 0.66640625 0.11785714285714285 0.1671875
23 0.31726190476190474 0.63125 0.05952380952380952 0.1078125
23 0.3904761904761905 0.96015625 0.09523809523809523 0.0796875
23 0.32261904761904764 0.7953125 0.0988095238095238 0.2
23 0.7470238095238095 0.26640625 0.09047619047619047 0.1625
23 0.6386904761904761 0.190625 0.09047619047619047 0.0984375
23 0.7160714285714286 0.0984375 0.14285714285714285 0.1921875
23 0.4797619047619048 0.0765625 0.16666666666666666 0.153125
23 0.23035714285714284 0.2046875 0.19166666666666668 0.1921875
23 0.39107142857142857 0.471875 0.09166666666666666 0.121875
23 0.381547619047619 0.53125 0.05952380952380952 0.0796875
23 0.4517857142857143 0.66171875 0.10714285714285714 0.0828125
23 0.5970238095238095 0.73359375 0.060714285714285714 0.084375
23 0.5553571428571429 0.775 0.04047619047619048 0.04375
23 0.6589285714285714 0.70234375 0.036904761904761905 0.0734375
23 0.6452380952380953 0.784375 0.05714285714285714 0.0953125
23 0.6666666666666666 0.34453125 0.07261904761904762 0.0734375
23 0.5869047619047619 0.025 0.10952380952380952 0.05
23 0.5464285714285714 0.65 0.09047619047619047 0.1296875
23 0.5232142857142857 0.94296875 0.0988095238095238 0.1140625
23 0.2488095238095238 0.528125 0.12380952380952381 0.1984375