23 0.5827380952380953 0.728125 0.14285714285714285 0.21875
23 0.3613095238095238 0.11015625 0.18214285714285713 0.2203125
23 0.33690476190476193 0.25390625 0.12380952380952381 0.1171875
23 0.4863095238095238 0.209375 0.17857142857142858 0.2453125
23 0.5119047619047619 0.06953125 0.09523809523809523 0.1203125
23 0.680952380952381 0.35546875 0.16547619047619047 0.1734375
23 0.5666666666666667 0.490625 0.16428571428571428 0.1984375
23 0.6529761904761905 0.528125 0.09166666666666666 0.146875
23 0.42857142857142855 0.45703125 0.15595238095238095 0.15625
23 0.3880952380952381 0.409375 0.0988095238095238 0.115625
23 0.45535714285714285 0.34375 0.06547619047619048 0.0765625
23 0.07083333333333333 0.2421875 0.09285714285714286 0.159375
23 0.19583333333333333 0.19921875 0.18214285714285713 0.2328125
23 0.2869047619047619 0.01953125 0.1380952380952381 0.0390625
23 0.8535714285714285 0.2984375 0.26904761904761904 0.3890625
23 0.9047619047619048 0.4 0.14166666666666666 0.1578125
23 0.9708333333333333 0.44609375 0.058333333333333334 0.1390625
23 0.7035714285714286 0.91171875 0.24523809523809523 0.1765625
23 0.6041666666666666 0.97890625 0.10357142857142858 0.0421875
23 0.7517857142857143 0.95390625 0.1773809523809524 0.0921875
23 0.20714285714285716 0.59375 0.14761904761904762 0.1578125
23 0.23333333333333334 0.44140625 0.11547619047619048 0.1421875
23 0.06011904761904762 0.3671875 0.11190476190476191 0.1296875
23 0.017261904761904763 0.6921875 0.034523809523809526 0.109375
23 0.1601190476190476 0.80859375 0.07976190476190476 0.115625
23 0.1761904761904762 0.6484375 0.1869047619047619 0.20625
23 0.1005952380952381 0.54765625 0.06547619047619048 0.071875
23 0.7202380952380952 0.13515625 0.10476190476190476 0.1203125
23 0.8416666666666667 0.75546875 0.14523809523809525 0.165625
23 0.9279761904761905 0.76015625 0.09761904761904762 0.1671875
23 0.700595238095238 0.71015625 0.15595238095238095 0.1875
23 0.5333333333333333 0.5921875 0.18095238095238095 0.14375
23 0.6095238095238096 0.1328125 0.1357142857142857 0.184375
23 0.4625 0.93984375 0.1392857142857143 0.1203125