23 0.44821428571428573 0.4078125 0.10178571428571428 0.128125
23 0.5166666666666667 0.59609375 0.08154761904761905 0.109375
23 0.6059523809523809 0.7328125 0.050595238095238096 0.1203125
23 0.6410714285714286 0.92578125 0.05119047619047619 0.08359375
23 0.7511904761904762 0.7765625 0.11190476190476191 0.16640625
23 0.0630952380952381 0.8109375 0.07023809523809524 0.153125
23 0.3345238095238095 0.7453125 0.06011904761904762 0.05234375
23 0.3863095238095238 0.709375 0.07261904761904762 0.08515625
23 0.30892857142857144 0.6984375 0.04702380952380952 0.04140625
23 0.21845238095238095 0.48515625 0.058333333333333334 0.09375
23 0.34404761904761905 0.45703125 0.09404761904761905 0.09296875
23 0.28154761904761905 0.78046875 0.05119047619047619 0.06328125
23 0.7166666666666667 0.50234375 0.09464285714285714 0.18671875
23 0.7928571428571428 0.59375 0.052976190476190475 0.06953125
23 0.5244047619047619 0.44453125 0.09702380952380953 0.1046875