23 0.4928571428571429 0.334375 0.12916666666666668 0.1046875
23 0.5702380952380952 0.28828125 0.052976190476190475 0.05625
23 0.6047619047619047 0.34375 0.1 0.10390625
23 0.6416666666666667 0.43515625 0.05952380952380952 0.05390625
23 0.6857142857142857 0.4328125 0.055357142857142855 0.0640625
23 0.7577380952380952 0.4328125 0.09523809523809523 0.075
23 0.8023809523809524 0.41328125 0.04880952380952381 0.05078125
23 0.7738095238095238 0.35859375 0.05476190476190476 0.03515625
23 0.8285714285714286 0.5046875 0.08035714285714286 0.07578125
23 0.9511904761904761 0.45859375 0.08035714285714286 0.09296875
23 0.919047619047619 0.61640625 0.07916666666666666 0.07578125
23 0.8142857142857143 0.66796875 0.0744047619047619 0.03515625
23 0.5714285714285714 0.60546875 0.07857142857142857 0.04296875
23 0.5928571428571429 0.5703125 0.05119047619047619 0.0625
23 0.5416666666666666 0.5046875 0.036904761904761905 0.06953125
23 0.39226190476190476 0.42578125 0.1363095238095238 0.08046875
23 0.225 0.525 0.06785714285714285 0.08828125
23 0.2505952380952381 0.44296875 0.05119047619047619 0.07265625
23 0.20595238095238094 0.76484375 0.06130952380952381 0.0640625
23 0.4577380952380952 0.67578125 0.05476190476190476 0.053125
23 0.4607142857142857 0.62734375 0.048214285714285716 0.04375
23 0.5166666666666667 0.6671875 0.055952380952380955 0.0703125
23 0.5821428571428572 0.690625 0.055952380952380955 0.04921875
23 0.6714285714285714 0.66875 0.04642857142857143 0.03671875
23 0.6369047619047619 0.62734375 0.025595238095238095 0.02890625
23 0.5410714285714285 0.1953125 0.0125 0.02421875
23 0.25297619047619047 0.30390625 0.0875 0.059375
23 0.3113095238095238 0.58515625 0.07857142857142857 0.0640625
23 0.3672619047619048 0.56171875 0.06428571428571428 0.071875
23 0.5535714285714286 0.2015625 0.03214285714285714 0.03515625
23 0.7208333333333333 0.1953125 0.05476190476190476 0.040625
23 0.26666666666666666 0.6578125 0.14285714285714285 0.12109375