23 0.4607142857142857 0.3421875 0.14523809523809525 0.1453125
23 0.5261904761904762 0.271875 0.06190476190476191 0.071875
23 0.5702380952380952 0.31328125 0.11666666666666667 0.1328125
23 0.6238095238095238 0.3890625 0.06785714285714285 0.071875
23 0.6660714285714285 0.371875 0.06547619047619048 0.08125
23 0.7357142857142858 0.34765625 0.10714285714285714 0.1046875
23 0.775 0.31328125 0.05714285714285714 0.065625
23 0.7363095238095239 0.2703125 0.05952380952380952 0.0515625
23 0.8184523809523809 0.39296875 0.09285714285714286 0.1
23 0.9273809523809524 0.30703125 0.09642857142857143 0.11875
23 0.9279761904761905 0.4703125 0.09047619047619047 0.0984375
23 0.8369047619047619 0.55546875 0.07857142857142857 0.0578125
23 0.5898809523809524 0.57734375 0.08452380952380953 0.06875
23 0.6035714285714285 0.53671875 0.06190476190476191 0.078125
23 0.5410714285714285 0.490625 0.04880952380952381 0.0796875
23 0.381547619047619 0.46484375 0.14761904761904762 0.125
23 0.2392857142857143 0.6171875 0.08333333333333333 0.1078125
23 0.24761904761904763 0.5296875 0.0630952380952381 0.0875
23 0.26845238095238094 0.85546875 0.07261904761904762 0.0828125
23 0.49404761904761907 0.684375 0.0630952380952381 0.0703125
23 0.4869047619047619 0.63671875 0.05476190476190476 0.0578125
23 0.5488095238095239 0.65546875 0.06785714285714285 0.0875
23 0.6166666666666667 0.65625 0.06428571428571428 0.0671875
23 0.6988095238095238 0.6046875 0.05238095238095238 0.0515625
23 0.6571428571428571 0.5765625 0.030952380952380953 0.0359375
23 0.4797619047619048 0.19140625 0.016666666666666666 0.028125
23 0.2226190476190476 0.39453125 0.09642857142857143 0.0875
23 0.3345238095238095 0.64609375 0.0880952380952381 0.0890625
23 0.38392857142857145 0.6046875 0.0761904761904762 0.090625
23 0.4928571428571429 0.19375 0.0380952380952381 0.04375
23 0.6529761904761905 0.13046875 0.060714285714285714 0.0578125
23 0.305952380952381 0.73203125 0.1619047619047619 0.165625