23 0.3869047619047619 0.1 0.13214285714285715 0.18515625
23 0.544047619047619 0.32265625 0.08511904761904762 0.1046875
23 0.6404761904761904 0.28515625 0.11428571428571428 0.1359375
23 0.6672619047619047 0.15546875 0.09047619047619047 0.09375
23 0.48928571428571427 0.125 0.09047619047619047 0.1328125
23 0.49464285714285716 0.3078125 0.05476190476190476 0.08515625
23 0.3863095238095238 0.41796875 0.0625 0.1328125
23 0.14166666666666666 0.3484375 0.05654761904761905 0.1171875
23 0.39345238095238094 0.55 0.08154761904761905 0.06640625
23 0.3386904761904762 0.671875 0.07916666666666666 0.15625
23 0.3011904761904762 0.5640625 0.050595238095238096 0.07265625
23 0.28035714285714286 0.709375 0.05238095238095238 0.10625
23 0.027976190476190477 0.88203125 0.04404761904761905 0.2359375
23 0.6892857142857143 0.82578125 0.10773809523809524 0.08046875
23 0.825595238095238 0.77578125 0.13214285714285715 0.17734375
23 0.756547619047619 0.653125 0.07023809523809524 0.09296875
23 0.7827380952380952 0.5421875 0.10476190476190476 0.09375
23 0.9327380952380953 0.55078125 0.13452380952380952 0.0953125
23 0.8696428571428572 0.4 0.15773809523809523 0.19140625
23 0.6803571428571429 0.44140625 0.07559523809523809 0.1390625
23 0.8630952380952381 0.12578125 0.06011904761904762 0.06953125
23 0.9232142857142858 0.23828125 0.15357142857142858 0.2234375
23 0.4238095238095238 0.2234375 0.07142857142857142 0.04921875
23 0.2779761904761905 0.246875 0.13095238095238096 0.1328125
23 0.2613095238095238 0.18671875 0.05714285714285714 0.08046875
23 0.625 0.71640625 0.05357142857142857 0.08671875
23 0.4351190476190476 0.684375 0.07738095238095238 0.109375
23 0.7589285714285714 0.090625 0.10952380952380952 0.18046875
23 0.7875 0.9640625 0.11607142857142858 0.07109375