23 0.44047619047619047 0.38125 0.10654761904761904 0.1296875
23 0.3958333333333333 0.6 0.04345238095238095 0.1203125
23 0.21845238095238095 0.46015625 0.06845238095238096 0.0953125
23 0.05952380952380952 0.78125 0.07559523809523809 0.1484375
23 0.2833333333333333 0.76328125 0.058333333333333334 0.04765625
23 0.32321428571428573 0.71953125 0.0494047619047619 0.05390625
23 0.3119047619047619 0.66796875 0.04345238095238095 0.06171875
23 0.3821428571428571 0.696875 0.0630952380952381 0.08203125
23 0.3333333333333333 0.7890625 0.06428571428571428 0.05703125
23 0.6083333333333333 0.703125 0.04702380952380952 0.08828125
23 0.5869047619047619 0.646875 0.06785714285714285 0.04921875
23 0.6005952380952381 0.5921875 0.09404761904761905 0.09375
23 0.6375 0.50703125 0.052976190476190475 0.06640625
23 0.7636904761904761 0.75625 0.10654761904761904 0.15703125
23 0.6738095238095239 0.8171875 0.09285714285714286 0.06328125
23 0.6398809523809523 0.89296875 0.04345238095238095 0.07265625
23 0.5672619047619047 0.965625 0.07380952380952381 0.06640625
23 0.6583333333333333 0.96484375 0.08571428571428572 0.0703125
23 0.7267857142857143 0.9421875 0.10357142857142858 0.115625
23 0.775 0.87109375 0.06964285714285715 0.08828125
23 0.3375 0.434375 0.10952380952380952 0.08203125
23 0.18511904761904763 0.60078125 0.11964285714285715 0.1
23 0.5375 0.33125 0.026785714285714284 0.05390625
23 0.7166666666666667 0.4703125 0.09821428571428571 0.16640625
23 0.8005952380952381 0.64296875 0.06845238095238096 0.15
23 0.8375 0.46875 0.07261904761904762 0.1109375
23 0.5285714285714286 0.571875 0.055357142857142855 0.08828125
23 0.5375 0.88203125 0.033928571428571426 0.06640625
23 0.49464285714285716 0.55 0.0375 0.07578125