23 0.5464285714285714 0.5109375 0.1 0.1421875
23 0.7767857142857143 0.47578125 0.08214285714285714 0.125
23 0.9571428571428572 0.1828125 0.08571428571428572 0.15625
23 0.631547619047619 0.2078125 0.0761904761904762 0.0921875
23 0.42023809523809524 0.14765625 0.06190476190476191 0.128125
23 0.4095238095238095 0.009375 0.0380952380952381 0.01875
23 0.3678571428571429 0.34921875 0.07142857142857142 0.1359375
23 0.39940476190476193 0.2703125 0.0761904761904762 0.1046875
23 0.4976190476190476 0.309375 0.08571428571428572 0.1171875
23 0.6136904761904762 0.3109375 0.058333333333333334 0.1296875
23 0.6541666666666667 0.48125 0.11190476190476191 0.1203125
23 0.6333333333333333 0.66953125 0.07976190476190476 0.0921875
23 0.225 0.27109375 0.06785714285714285 0.09375
23 0.2773809523809524 0.090625 0.12380952380952381 0.171875
23 0.6976190476190476 0.1875 0.06785714285714285 0.075
23 0.7125 0.240625 0.041666666666666664 0.05