39 0.9577380952380953 0.12890625 0.08452380952380953 0.0828125
39 0.8160714285714286 0.19765625 0.0988095238095238 0.0609375
39 0.7017857142857142 0.25 0.09404761904761905 0.0546875
39 0.5982142857142857 0.29453125 0.06547619047619048 0.05625
39 0.5339285714285714 0.32265625 0.05357142857142857 0.04375
39 0.4714285714285714 0.34765625 0.041666666666666664 0.0390625
39 0.425 0.37734375 0.055952380952380955 0.028125
39 0.38095238095238093 0.39140625 0.034523809523809526 0.0296875
39 0.3529761904761905 0.40546875 0.04642857142857143 0.0265625
39 0.31547619047619047 0.421875 0.02738095238095238 0.0328125
39 0.2892857142857143 0.43515625 0.023809523809523808 0.01875
39 0.16130952380952382 0.43359375 0.02142857142857143 0.0140625
39 0.20416666666666666 0.4109375 0.014285714285714285 0.01875
39 0.24523809523809523 0.37578125 0.025 0.0296875
39 0.3130952380952381 0.32421875 0.041666666666666664 0.0296875
39 0.3630952380952381 0.29296875 0.02976190476190476 0.03125
39 0.4232142857142857 0.25078125 0.04523809523809524 0.0421875
39 0.4976190476190476 0.1984375 0.060714285714285714 0.059375
39 0.6029761904761904 0.1296875 0.08928571428571429 0.0796875
39 0.7345238095238096 0.040625 0.0761904761904762 0.0640625
39 0.2017857142857143 0.040625 0.04642857142857143 0.08125
39 0.15357142857142858 0.13984375 0.041666666666666664 0.0609375
39 0.11845238095238095 0.20625 0.034523809523809526 0.0453125
39 0.09702380952380953 0.25859375 0.02976190476190476 0.0328125
39 0.07797619047619048 0.29453125 0.03214285714285714 0.0265625
39 0.060714285714285714 0.32421875 0.017857142857142856 0.0328125
39 0.05119047619047619 0.3515625 0.02619047619047619 0.0234375