39 0.9535714285714286 0.10859375 0.09226190476190477 0.078125
39 0.8077380952380953 0.18359375 0.09821428571428571 0.05703125
39 0.6952380952380952 0.240625 0.09226190476190477 0.05
39 0.5928571428571429 0.28984375 0.06369047619047619 0.05390625
39 0.5291666666666667 0.32109375 0.05238095238095238 0.03984375
39 0.46726190476190477 0.34921875 0.03988095238095238 0.03671875
39 0.4220238095238095 0.38046875 0.05416666666666667 0.02578125
39 0.37797619047619047 0.396875 0.033928571428571426 0.02734375
39 0.35059523809523807 0.4125 0.04523809523809524 0.02421875
39 0.3136904761904762 0.43046875 0.025595238095238095 0.03125
39 0.2875 0.44453125 0.024404761904761905 0.0171875
39 0.1595238095238095 0.44921875 0.02142857142857143 0.01171875
39 0.2017857142857143 0.42421875 0.014285714285714285 0.01875
39 0.24226190476190476 0.3875 0.024404761904761905 0.028125
39 0.30833333333333335 0.3328125 0.03988095238095238 0.02734375
39 0.35773809523809524 0.29921875 0.02857142857142857 0.0296875
39 0.4166666666666667 0.2546875 0.04404761904761905 0.04140625
39 0.48988095238095236 0.1984375 0.05952380952380952 0.05546875
39 0.5928571428571429 0.125 0.0869047619047619 0.07421875
39 0.7220238095238095 0.03046875 0.075 0.0609375
39 0.18988095238095237 0.05234375 0.04404761904761905 0.08515625
39 0.14404761904761904 0.15625 0.04107142857142857 0.059375
39 0.11071428571428571 0.22421875 0.033928571428571426 0.04296875
39 0.09107142857142857 0.27734375 0.02857142857142857 0.03125
39 0.07261904761904762 0.3140625 0.030952380952380953 0.02578125
39 0.05654761904761905 0.34453125 0.017261904761904763 0.0328125
39 0.047619047619047616 0.371875 0.026785714285714284 0.02265625