45 0.23025101071428572 0.3031228890625 0.2723199059523809 0.4778831453125 0.4605334642857143 0.8757602296875 0.4838421035714286 0.8880121296875 0.5864961071428572 0.7412728359375 0.5895946154761905 0.73389199375 0.584994275 0.6906306578125 0.40013564761904763 0.29734861874999996 0.3027988154761905 0.1932429671875 0.23253640476190476 0.28896506718750004 0.23025101071428572 0.3031228890625
45 0.8123531392857143 1 0.7389917345238095 0.9841167437499999 0.607769105952381 0.96653843125 0.6047754857142857 1 0.8123531392857143 1
45 0.8204904869047619 1 0.8292960309523809 0.9742662859375001 0.834862955952381 0.9222772125 0.8335956214285715 0.8981862640625 0.6090359607142858 0.8541132265625 0.6000483333333333 0.945233278125 0.6555216952380953 0.966069075 0.748660930952381 0.9872257203125001 0.8179132869047618 1 0.8204904869047619 1
45 0.7558021273809524 0.7552728156249999 0.6103028142857143 0.741688021875 0.598495025 0.8375894609375001 0.6485477845238095 0.8587507734375001 0.8283141916666666 0.8972120515625001 0.8335369964285714 0.89154845625 0.8409865714285715 0.86508923125 0.8466707452380953 0.826375771875 0.8472712857142858 0.7920261828124999 0.8444730476190476 0.782232228125 0.8343277071428572 0.776384625 0.7558021273809524 0.7552728156249999
45 0.6238612297619048 0.622252325 0.6127416785714285 0.625502809375 0.6031168095238095 0.729759303125 0.6795180928571429 0.7491538656250001 0.840085280952381 0.7800974640625 0.8482674214285714 0.7683527531250001 0.8537904976190477 0.7455143625 0.8584418333333333 0.7092611843750001 0.8580900869047619 0.669434340625 0.8557679928571428 0.6623790140625 0.8272365476190476 0.655790709375 0.6238612297619048 0.622252325
45 0.6004134166666666 0.6113001515625001 0.7067159523809523 0.6388610921875 0.8530870035714285 0.665860675 0.8621041833333333 0.646317603125 0.8677078071428571 0.6155416781249999 0.8694436571428571 0.55621893125 0.8643819488095238 0.546007459375 0.6125801011904761 0.5048617234375 0.5988529607142857 0.5540201671875 0.6004134166666666 0.6113001515625001
45 0.6154808119047619 0.49214280156249995 0.6286441119047619 0.49854709843749995 0.8649972654761905 0.5474463593750001 0.8691872345238094 0.54424304375 0.8772521261904762 0.51922271875 0.8834562916666667 0.454097203125 0.8805408047619048 0.4310276359375 0.8735525976190476 0.424436996875 0.6266146595238096 0.3881646546875 0.6154808119047619 0.49214280156249995
45 0.8817128142857144 0.42726762812499997 0.894773161904762 0.31966864687499996 0.8894331071428572 0.312056628125 0.8533567619047618 0.3040765921875 0.6486702619047618 0.2755979421875 0.6382322797619047 0.37307745625 0.6542743666666666 0.381338171875 0.8817128142857144 0.42726762812499997
45 0.8307582845238095 0.18459839375 0.6715389785714286 0.1698082109375 0.6628954702380951 0.2146027859375 0.6600095357142857 0.2631101984375 0.6643167535714286 0.27318249687499996 0.6752165833333333 0.279169275 0.8033407035714286 0.30412842812499996 0.892253269047619 0.3072752390625 0.8983697380952381 0.30045109062500003 0.9033361214285713 0.28281160625 0.9073940654761904 0.2305441875 0.9038632619047618 0.20603571875 0.8885756642857142 0.19791417656250002 0.8307582845238095 0.18459839375
45 0.9180736940476191 0.109252071875 0.9127336392857143 0.10164005312499999 0.8751483142857143 0.0933816703125 0.6937118297619048 0.0705171140625 0.6836913666666666 0.164097446875 0.9068812214285714 0.2065924109375 0.9180736940476191 0.109252071875
45 0.9154732535714285 0.10479619843750002 0.9254646440476191 0.0761550390625 0.9256942750000001 0.0736097140625 0.709942725 0.033812215625 0.7075123714285714 0.06378496875 0.9154732535714285 0.10479619843750002