45 0.368 0.637 0.639 0.34199999999999997 0.7040000000000001 0.20099999999999998 0.622 0.123 0.611 0.122 0.485 0.20099999999999998 0.21100000000000002 0.501 0.205 0.533 0.32999999999999996 0.646 0.336 0.649 0.368 0.637
45 0.166 0.9880000000000001 0.168 0.8779999999999999 0.16299999999999998 0.705 0.096 0.7070000000000001 0.091 0.8560000000000001 0.093 0.9869999999999999 0.117 0.994 0.145 0.994 0.166 0.9880000000000001
45 0.246 0.9890000000000001 0.248 0.6910000000000001 0.17800000000000002 0.692 0.17 0.767 0.167 0.891 0.167 0.986 0.18799999999999997 0.994 0.228 0.994 0.246 0.9890000000000001
45 0.302 0.9960000000000001 0.32799999999999996 0.992 0.33499999999999996 0.9869999999999999 0.338 0.9730000000000001 0.343 0.868 0.333 0.6769999999999999 0.259 0.675 0.25 0.743 0.246 0.982 0.251 0.9880000000000001 0.27199999999999996 0.994 0.302 0.9960000000000001
45 0.39199999999999996 0.9949999999999999 0.42200000000000004 0.9890000000000001 0.427 0.985 0.428 0.9470000000000001 0.425 0.678 0.421 0.6639999999999999 0.34099999999999997 0.666 0.33699999999999997 0.768 0.336 0.9810000000000001 0.346 0.99 0.364 0.994 0.39199999999999996 0.9949999999999999
45 0.509 0.9880000000000001 0.516 0.9800000000000001 0.512 0.647 0.473 0.636 0.43 0.646 0.42400000000000004 0.788 0.42400000000000004 0.982 0.44 0.991 0.46399999999999997 0.994 0.509 0.9880000000000001
45 0.588 0.992 0.605 0.985 0.609 0.975 0.602 0.649 0.522 0.649 0.519 0.667 0.515 0.9810000000000001 0.518 0.986 0.538 0.993 0.588 0.992
45 0.6970000000000001 0.932 0.6900000000000001 0.662 0.615 0.662 0.611 0.6839999999999999 0.608 0.986 0.6910000000000001 0.9880000000000001 0.696 0.9800000000000001 0.6970000000000001 0.932
45 0.72 0.994 0.76 0.992 0.778 0.984 0.782 0.9630000000000001 0.7839999999999999 0.8859999999999999 0.773 0.6769999999999999 0.738 0.6719999999999999 0.7010000000000001 0.675 0.6940000000000001 0.682 0.6910000000000001 0.697 0.6900000000000001 0.867 0.7 0.983 0.706 0.99 0.72 0.994
45 0.859 0.931 0.8510000000000001 0.692 0.779 0.692 0.778 0.9880000000000001 0.853 0.9890000000000001 0.858 0.9810000000000001 0.859 0.931
45 0.9309999999999999 0.9880000000000001 0.9349999999999999 0.975 0.9349999999999999 0.782 0.9279999999999999 0.712 0.926 0.706 0.858 0.709 0.856 0.985 0.879 0.994 0.914 0.993 0.9309999999999999 0.9880000000000001