7 0.3470238095238095 0.63671875 0.04404761904761905 0.1046875
7 0.4101190476190476 0.64765625 0.03333333333333333 0.121875
7 0.4172619047619048 0.50234375 0.016666666666666666 0.059375
7 0.43154761904761907 0.5078125 0.017857142857142856 0.0546875
7 0.4642857142857143 0.30390625 0.015476190476190477 0.0546875
7 0.5273809523809524 0.48515625 0.014285714285714285 0.0421875
7 0.525 0.4046875 0.02976190476190476 0.0578125
7 0.6125 0.51796875 0.030952380952380953 0.1078125
7 0.5589285714285714 0.5625 0.03333333333333333 0.0671875
7 0.5589285714285714 0.6296875 0.04047619047619048 0.084375
7 0.5642857142857143 0.71015625 0.02857142857142857 0.065625