7 0.42083333333333334 0.28046875 0.07678571428571429 0.0421875
7 0.4029761904761905 0.36015625 0.09047619047619047 0.025
7 0.5113095238095238 0.3921875 0.04404761904761905 0.01171875
7 0.5047619047619047 0.41015625 0.04107142857142857 0.01484375
7 0.6529761904761905 0.484375 0.04107142857142857 0.01171875
7 0.5071428571428571 0.5375 0.030357142857142857 0.01328125
7 0.5678571428571428 0.54765625 0.04107142857142857 0.03046875
7 0.46904761904761905 0.64296875 0.07976190476190476 0.025
7 0.444047619047619 0.56640625 0.04702380952380952 0.03359375
7 0.39345238095238094 0.55625 0.060714285714285714 0.040625
7 0.33154761904761904 0.55078125 0.04702380952380952 0.02734375