7 0.5220238095238096 0.0390625 0.039285714285714285 0.078125
7 0.4005952380952381 0.19296875 0.04880952380952381 0.059375
7 0.475 0.49609375 0.05238095238095238 0.06640625
7 0.45357142857142857 0.24453125 0.030357142857142857 0.0296875
7 0.4875 0.240625 0.023214285714285715 0.0484375
7 0.5148809523809523 0.26796875 0.036904761904761905 0.05703125
7 0.5946428571428571 0.17109375 0.041666666666666664 0.0390625
7 0.6023809523809524 0.21328125 0.03333333333333333 0.0515625
7 0.5654761904761905 0.421875 0.04285714285714286 0.040625
7 0.575 0.46796875 0.025595238095238095 0.07578125
7 0.49107142857142855 0.38828125 0.04047619047619048 0.05703125
7 0.44047619047619047 0.33828125 0.03333333333333333 0.0390625
7 0.3732142857142857 0.34921875 0.05 0.04609375
7 0.37023809523809526 0.42890625 0.055357142857142855 0.06875
7 0.4035714285714286 0.578125 0.04047619047619048 0.05546875
7 0.4488095238095238 0.59609375 0.027976190476190477 0.06640625