7 0.4297619047619048 0.18203125 0.0380952380952381 0.04609375
7 0.40595238095238095 0.35390625 0.04404761904761905 0.04453125
7 0.5232142857142857 0.28515625 0.04404761904761905 0.05546875
7 0.5238095238095238 0.03984375 0.05 0.04609375
7 0.5958333333333333 0.1859375 0.041666666666666664 0.05
7 0.6017857142857143 0.21953125 0.034523809523809526 0.05
7 0.518452380952381 0.1109375 0.027976190476190477 0.0484375
7 0.49404761904761907 0.228125 0.030357142857142857 0.0515625
7 0.44761904761904764 0.2734375 0.024404761904761905 0.05390625
7 0.580952380952381 0.428125 0.027976190476190477 0.06640625
7 0.5726190476190476 0.4640625 0.030952380952380953 0.0609375
7 0.48095238095238096 0.509375 0.04523809523809524 0.06328125
7 0.3773809523809524 0.42578125 0.03214285714285714 0.0515625
7 0.39464285714285713 0.5859375 0.06011904761904762 0.05
7 0.45476190476190476 0.60390625 0.023214285714285715 0.059375
7 0.4261904761904762 0.47421875 0.039285714285714285 0.0296875