7 0.5077380952380952 0.73359375 0.04404761904761905 0.034375
7 0.44583333333333336 0.73515625 0.04047619047619048 0.0375
7 0.35773809523809524 0.52578125 0.05714285714285714 0.01875
7 0.38392857142857145 0.43984375 0.03333333333333333 0.0421875
7 0.44583333333333336 0.459375 0.05714285714285714 0.040625
7 0.6041666666666666 0.459375 0.04404761904761905 0.028125
7 0.6702380952380952 0.453125 0.06666666666666667 0.0453125
7 0.6 0.5703125 0.05238095238095238 0.0375
7 0.5863095238095238 0.71875 0.07380952380952381 0.028125
7 0.6095238095238096 0.64296875 0.07142857142857142 0.028125
7 0.5160714285714286 0.51328125 0.060714285714285714 0.040625
7 0.4982142857142857 0.5875 0.07380952380952381 0.028125