7 0.4922619047619048 0.26640625 0.04404761904761905 0.03359375
7 0.5541666666666667 0.26484375 0.04107142857142857 0.03671875
7 0.6422619047619048 0.47421875 0.05773809523809524 0.01875
7 0.6160714285714286 0.56015625 0.03273809523809524 0.0421875
7 0.5541666666666667 0.540625 0.05773809523809524 0.040625
7 0.3958333333333333 0.540625 0.04404761904761905 0.02734375
7 0.32976190476190476 0.546875 0.06607142857142857 0.0453125
7 0.4 0.4296875 0.05238095238095238 0.03671875
7 0.41369047619047616 0.28125 0.0744047619047619 0.02734375
7 0.3904761904761905 0.35703125 0.07142857142857142 0.02734375
7 0.48392857142857143 0.48671875 0.060714285714285714 0.040625
7 0.5017857142857143 0.4125 0.0744047619047619 0.02734375