7 0.35535714285714287 0.45390625 0.04642857142857143 0.06640625
7 0.3904761904761905 0.58359375 0.047619047619047616 0.07421875
7 0.4488095238095238 0.6 0.03214285714285714 0.08125
7 0.5702380952380952 0.43125 0.05238095238095238 0.06640625
7 0.5702380952380952 0.46796875 0.029166666666666667 0.071875
7 0.4773809523809524 0.5046875 0.04523809523809524 0.0609375
7 0.4255952380952381 0.48203125 0.06845238095238096 0.05
7 0.3755952380952381 0.36875 0.06130952380952381 0.06328125
7 0.5 0.40625 0.06964285714285715 0.08671875
7 0.40595238095238095 0.203125 0.034523809523809526 0.05703125
7 0.4101190476190476 0.1515625 0.030952380952380953 0.059375
7 0.5244047619047619 0.05 0.04642857142857143 0.06328125
7 0.43392857142857144 0.18515625 0.023214285714285715 0.0703125
7 0.593452380952381 0.184375 0.04523809523809524 0.04609375
7 0.6089285714285714 0.22421875 0.025595238095238095 0.06640625
7 0.4517857142857143 0.24921875 0.019642857142857142 0.05390625
7 0.48928571428571427 0.25078125 0.04285714285714286 0.07578125
7 0.5023809523809524 0.11171875 0.034523809523809526 0.0609375