7 0.4601190476190476 0.85 0.05119047619047619 0.046875
7 0.4446428571428571 0.8171875 0.0630952380952381 0.05
7 0.5547619047619048 0.965625 0.04880952380952381 0.040625
7 0.5672619047619047 0.9203125 0.030952380952380953 0.0109375
7 0.5446428571428571 0.875 0.04404761904761905 0.0640625
7 0.49166666666666664 0.7421875 0.04047619047619048 0.06875
7 0.5083333333333333 0.70390625 0.07142857142857142 0.0953125
7 0.6190476190476191 0.81015625 0.036904761904761905 0.0421875
7 0.6452380952380953 0.8234375 0.041666666666666664 0.0265625
7 0.6476190476190476 0.78515625 0.02857142857142857 0.021875
7 0.6113095238095239 0.628125 0.03571428571428571 0.0421875
7 0.5226190476190476 0.5953125 0.04404761904761905 0.0625
7 0.44047619047619047 0.5921875 0.05476190476190476 0.046875
7 0.43452380952380953 0.5578125 0.075 0.053125
7 0.6345238095238095 0.54296875 0.05476190476190476 0.0421875
7 0.5869047619047619 0.5078125 0.04404761904761905 0.021875
7 0.5196428571428572 0.49609375 0.04404761904761905 0.0703125
7 0.5434523809523809 0.3875 0.0380952380952381 0.071875
7 0.5904761904761905 0.73984375 0.03571428571428571 0.0546875
7 0.6607142857142857 0.59765625 0.05476190476190476 0.0640625
7 0.6023809523809524 0.3703125 0.07261904761904762 0.090625