7 0.49107142857142855 0.03984375 0.04404761904761905 0.0796875
7 0.38035714285714284 0.20546875 0.05238095238095238 0.0640625
7 0.475 0.49921875 0.055952380952380955 0.071875
7 0.4369047619047619 0.25078125 0.03333333333333333 0.0328125
7 0.47023809523809523 0.24296875 0.02738095238095238 0.0515625
7 0.4994047619047619 0.2671875 0.04047619047619048 0.0609375
7 0.5726190476190476 0.16171875 0.04404761904761905 0.04375
7 0.5827380952380953 0.20234375 0.036904761904761905 0.0546875
7 0.5601190476190476 0.41484375 0.04523809523809524 0.0453125
7 0.5726190476190476 0.459375 0.030952380952380953 0.078125
7 0.48392857142857143 0.38984375 0.04404761904761905 0.0609375
7 0.4297619047619048 0.34609375 0.03571428571428571 0.0421875
7 0.3636904761904762 0.3640625 0.05238095238095238 0.053125
7 0.36607142857142855 0.44375 0.05952380952380952 0.075
7 0.4089285714285714 0.5890625 0.04404761904761905 0.0609375
7 0.45535714285714285 0.6015625 0.03333333333333333 0.06875