7 0.2494047619047619 0.5359375 0.041666666666666664 0.0578125
7 0.3738095238095238 0.59609375 0.04047619047619048 0.0640625
7 0.34285714285714286 0.4328125 0.05 0.0671875
7 0.15892857142857142 0.3890625 0.04404761904761905 0.0734375
7 0.28095238095238095 0.321875 0.04523809523809524 0.0625
7 0.30714285714285716 0.31953125 0.04404761904761905 0.053125
7 0.2113095238095238 0.40859375 0.041666666666666664 0.0453125
7 0.29523809523809524 0.46015625 0.04404761904761905 0.0484375
7 0.32083333333333336 0.528125 0.04404761904761905 0.040625
7 0.4601190476190476 0.3828125 0.05476190476190476 0.0484375
7 0.4857142857142857 0.4 0.05119047619047619 0.05
7 0.5035714285714286 0.5265625 0.05476190476190476 0.06875
7 0.4232142857142857 0.6453125 0.04404761904761905 0.05
7 0.5464285714285714 0.65078125 0.047619047619047616 0.0859375
7 0.5702380952380952 0.5765625 0.04880952380952381 0.040625
7 0.46785714285714286 0.590625 0.02857142857142857 0.05625