7 0.5107142857142857 0.08984375 0.05773809523809524 0.06875
7 0.4244047619047619 0.16796875 0.06845238095238096 0.05703125
7 0.5988095238095238 0.19375 0.04285714285714286 0.028125
7 0.6053571428571428 0.21875 0.027976190476190477 0.07421875
7 0.36904761904761907 0.365625 0.04880952380952381 0.05703125
7 0.38095238095238093 0.43046875 0.055357142857142855 0.0390625
7 0.425 0.36015625 0.041666666666666664 0.05
7 0.45595238095238094 0.35078125 0.036904761904761905 0.02421875
7 0.5041666666666667 0.403125 0.029166666666666667 0.06484375
7 0.5732142857142857 0.42578125 0.05416666666666667 0.03359375
7 0.5726190476190476 0.47890625 0.030952380952380953 0.07578125
7 0.3952380952380952 0.58671875 0.05 0.06640625
7 0.4577380952380952 0.609375 0.05238095238095238 0.08125
7 0.4845238095238095 0.54453125 0.05416666666666667 0.06640625
7 0.43452380952380953 0.47890625 0.04047619047619048 0.0390625