7 0.5946428571428571 0.16875 0.04642857142857143 0.03359375
7 0.6041666666666666 0.2046875 0.06011904761904762 0.03515625
7 0.5202380952380953 0.0296875 0.04523809523809524 0.0296875
7 0.5005952380952381 0.0703125 0.030952380952380953 0.00390625
7 0.5154761904761904 0.12109375 0.03571428571428571 0.05703125
7 0.5464285714285714 0.265625 0.030357142857142857 0.0609375
7 0.5244047619047619 0.2984375 0.06011904761904762 0.08125
7 0.43273809523809526 0.1640625 0.03214285714285714 0.03515625
7 0.4089285714285714 0.14375 0.04047619047619048 0.01640625
7 0.4005952380952381 0.18046875 0.025595238095238095 0.01640625
7 0.4113095238095238 0.34453125 0.030952380952380953 0.03359375
7 0.4928571428571429 0.40078125 0.036904761904761905 0.05390625
7 0.5726190476190476 0.42578125 0.05 0.03359375
7 0.5732142857142857 0.46171875 0.07083333333333333 0.03515625
7 0.375 0.42109375 0.05119047619047619 0.028125
7 0.4160714285714286 0.46875 0.04285714285714286 0.0109375
7 0.48035714285714287 0.4984375 0.034523809523809526 0.06328125
7 0.4398809523809524 0.5984375 0.027976190476190477 0.06640625
7 0.4494047619047619 0.240625 0.029166666666666667 0.0484375
7 0.35833333333333334 0.3609375 0.047619047619047616 0.0515625
7 0.37916666666666665 0.59921875 0.06130952380952381 0.07578125