7 0.4726190476190476 0.09140625 0.0630952380952381 0.078125
7 0.39404761904761904 0.1828125 0.07380952380952381 0.0671875
7 0.5696428571428571 0.18046875 0.04523809523809524 0.034375
7 0.5785714285714286 0.20390625 0.03571428571428571 0.0796875
7 0.35773809523809524 0.3875 0.05357142857142857 0.0640625
7 0.3755952380952381 0.45 0.058333333333333334 0.046875
7 0.4125 0.3734375 0.04642857142857143 0.05625
7 0.44226190476190474 0.35859375 0.039285714285714285 0.03125
7 0.49523809523809526 0.403125 0.034523809523809526 0.0703125
7 0.5660714285714286 0.41484375 0.05714285714285714 0.0421875
7 0.5702380952380952 0.4671875 0.0380952380952381 0.0796875
7 0.4041666666666667 0.603125 0.055952380952380955 0.0734375
7 0.46845238095238095 0.615625 0.05952380952380952 0.0890625
7 0.4886904761904762 0.546875 0.060714285714285714 0.0734375
7 0.43333333333333335 0.48984375 0.04404761904761905 0.0453125