7 0.35892857142857143 0.4375 0.05119047619047619 0.0703125
7 0.38511904761904764 0.57109375 0.05238095238095238 0.0796875
7 0.44226190476190474 0.59375 0.036904761904761905 0.084375
7 0.5744047619047619 0.43984375 0.055952380952380955 0.071875
7 0.5720238095238095 0.47578125 0.03333333333333333 0.075
7 0.4773809523809524 0.50234375 0.04880952380952381 0.065625
7 0.42678571428571427 0.4734375 0.07261904761904762 0.0578125
7 0.38452380952380955 0.3546875 0.06547619047619048 0.06875
7 0.5059523809523809 0.40625 0.075 0.0953125
7 0.4261904761904762 0.19375 0.0380952380952381 0.059375
7 0.43333333333333335 0.14296875 0.034523809523809526 0.0625
7 0.5541666666666667 0.0546875 0.05 0.0671875
7 0.45535714285714285 0.17890625 0.02857142857142857 0.0734375
7 0.6142857142857143 0.19609375 0.047619047619047616 0.0515625
7 0.6267857142857143 0.2375 0.030952380952380953 0.06875
7 0.46845238095238095 0.24453125 0.02261904761904762 0.0546875
7 0.5059523809523809 0.25078125 0.047619047619047616 0.0796875
7 0.5279761904761905 0.11328125 0.0380952380952381 0.0640625